 kweight        =       0.000000000
 kmin           =       3.300000000
 kmax           =       9.000000000
 dk             =       0.300000000
 rmin           =       0.000000000
 rmax           =       6.000000000
 dr             =       0.300000000
 chi_square     =     310.697312306
 chi_reduced    =      25.889335813
 epsilon_k      =       0.002233474
 mychi_square   =     309.783157090
 mychi_reduced  =       2.816210519
 e0_cor         =      5.65167900 +/-      1.04833454
 alpha          =      0.00185022 +/-      0.00562148
 sigma2         =      0.00137621 +/-      0.00236028
 s02            =      0.87558289 +/-      0.10531718
