 kweight        =       0.000000000
 kmin           =       3.300000000
 kmax           =       9.000000000
 dk             =       0.300000000
 rmin           =       0.000000000
 rmax           =       6.000000000
 dr             =       0.300000000
 chi_square     =     364.570063103
 chi_reduced    =      30.378366394
 epsilon_k      =       0.003731188
 mychi_square   =    1081.366757679
 mychi_reduced  =       9.830606888
 e0_cor         =     -8.04323506 +/-      4.34820617
 alpha          =      0.05080705 +/-      0.01872208
 sigma2         =      0.00979354 +/-      0.00550546
 s02            =      2.09017191 +/-      0.64009376
