 kweight        =       0.000000000
 kmin           =       3.300000000
 kmax           =       9.000000000
 dk             =       0.300000000
 rmin           =       0.000000000
 rmax           =       6.000000000
 dr             =       0.300000000
 chi_square     =     362.703409415
 chi_reduced    =      30.222824578
 epsilon_k      =       0.003731188
 mychi_square   =    1100.054655469
 mychi_reduced  =      10.000496868
 e0_cor         =    -11.61536237 +/-      5.33778424
 alpha          =      0.04055262 +/-      0.02136673
 sigma2         =      0.01244270 +/-      0.00550685
 s02            =      2.29851534 +/-      0.66893482
