 kweight        =       0.000000000
 kmin           =       3.300000000
 kmax           =       9.000000000
 dk             =       0.300000000
 rmin           =       0.000000000
 rmax           =       6.000000000
 dr             =       0.300000000
 chi_square     =      65.496404007
 chi_reduced    =       5.457589528
 epsilon_k      =       0.003731188
 mychi_square   =     369.368981477
 mychi_reduced  =       3.357899832
 e0_cor         =      0.24456792 +/-      1.16980718
 alpha          =     -0.00789974 +/-      0.00526641
 sigma2         =      0.00499462 +/-      0.00218627
 s02            =      1.04419673 +/-      0.03526673
