 kweight        =       0.000000000
 kmin           =       3.300000000
 kmax           =       9.000000000
 dk             =       0.300000000
 rmin           =       0.000000000
 rmax           =       6.000000000
 dr             =       0.300000000
 chi_square     =     258.488413772
 chi_reduced    =      21.538948304
 epsilon_k      =       0.003731188
 mychi_square   =     806.451667405
 mychi_reduced  =       7.331378795
 e0_cor         =      1.16272484 +/-      4.28220523
 alpha          =      0.06216272 +/-      0.01628520
 sigma2         =      0.53540624 +/-   50834052.
 s02            =      1.23722696 +/-      0.11666891
