 kweight        =       0.000000000
 kmin           =       3.300000000
 kmax           =       9.000000000
 dk             =       0.300000000
 rmin           =       0.000000000
 rmax           =       6.000000000
 dr             =       0.300000000
 chi_square     =     316.333747826
 chi_reduced    =      26.359000551
 epsilon_k      =       0.003731188
 mychi_square   =     954.066030982
 mychi_reduced  =       8.673327554
 e0_cor         =     -5.79305851 +/-      4.05990447
 alpha          =      0.01885571 +/-      0.01551415
 sigma2         =      0.00598513 +/-      0.00437527
 s02            =      1.59253724 +/-      0.39894763
