 kweight        =       0.000000000
 kmin           =       3.300000000
 kmax           =       9.000000000
 dk             =       0.300000000
 rmin           =       0.000000000
 rmax           =       6.000000000
 dr             =       0.300000000
 chi_square     =      83.293511259
 chi_reduced    =       6.940561114
 epsilon_k      =       0.003731188
 mychi_square   =     400.267146555
 mychi_reduced  =       3.638792241
 e0_cor         =      2.84027284 +/-      1.07708481
 alpha          =      0.00059330 +/-      0.00510570
 sigma2         =      0.00022074 +/-      0.00193245
 s02            =      0.98958382 +/-      0.09915720
