 kweight        =       0.000000000
 kmin           =       3.300000000
 kmax           =       9.000000000
 dk             =       0.300000000
 rmin           =       0.000000000
 rmax           =       6.000000000
 dr             =       0.300000000
 chi_square     =     368.760890005
 chi_reduced    =      30.727573551
 epsilon_k      =       0.003731188
 mychi_square   =    1121.456333576
 mychi_reduced  =      10.195057578
 e0_cor         =    -11.49930380 +/-      5.57133117
 alpha          =      0.04178382 +/-      0.02220238
 sigma2         =      0.01317404 +/-      0.00562160
 s02            =      2.41826163 +/-      0.71655248
