 kweight        =       0.000000000
 kmin           =       3.300000000
 kmax           =       9.000000000
 dk             =       0.300000000
 rmin           =       0.000000000
 rmax           =       6.000000000
 dr             =       0.300000000
 chi_square     =     381.736616091
 chi_reduced    =      31.808796068
 epsilon_k      =       0.003731188
 mychi_square   =    1175.583870141
 mychi_reduced  =      10.687126092
 e0_cor         =    -11.05860888 +/-      6.16196751
 alpha          =      0.04256049 +/-      0.02381434
 sigma2         =      0.01296658 +/-      0.00570999
 s02            =      2.41207895 +/-      0.73642622
