 kweight        =       0.000000000
 kmin           =       0.000000000
 kmax           =      15.000000000
 dk             =       0.300000000
 rmin           =       0.000000000
 rmax           =       6.000000000
 dr             =       0.300000000
 chi_square     =      79.057228287
 chi_reduced    =       4.725068684
 epsilon_k      =       0.010702214
 mychi_square   =    1272.982281620
 mychi_reduced  =       4.305226296
 e0_cor         =      0.00952219 +/-      0.00002935
 alpha          =      0.00869944 +/-      0.01446982
 theta          =    189.97039178 +/-    199.87010771
 ss2            =      0.86578204 +/-      0.35955966
