 kweight        =       0.000000000
 kmin           =       3.700000000
 kmax           =      13.000000000
 dk             =       0.300000000
 rmin           =       0.000000000
 rmax           =       6.000000000
 dr             =       0.300000000
 chi_square     =     608.344048161
 chi_reduced    =      34.764457019
 epsilon_k      =       0.000765564
 mychi_square   =   26324.543487526
 mychi_reduced  =     106.381288658
 e0_cor         =    -11.19885407 +/-      1.15089735
 alpha          =      0.00104216 +/-      0.00307719
 theta          =    356.64370323 +/-     54.91004161
 s02            =      1.07888452 +/-      0.18248121
