 kweight        =       0.000000000
 kmin           =       2.000000000
 kmax           =      13.000000000
 dk             =       0.300000000
 rmin           =       0.000000000
 rmax           =       6.000000000
 dr             =       0.300000000
 chi_square     =     246.518115935
 chi_reduced    =      38.218705635
 epsilon_k      =       0.000756079
 mychi_square   =   33172.878128129
 mychi_reduced  =     114.744799977
 e0_cor         =     -9.84155725 +/-      1.95596906
 alpha          =      0.00289467 +/-      0.00530886
 theta          =    322.05030943 +/-     65.02695468
 s02_1          =      1.32087839 +/-      0.30565499
 s02_2          =      1.15407694 +/-      0.52088945
 s02_3          =     -4.40716158 +/-      9.42802349
 s02_4          =      1.89173065 +/-      2.69709584
 s02_5          =      0.67705928 +/-      1.07737975
 s02_6          =     -0.57862293 +/-      2.73632838
 s02_7          =      1.43475774 +/-      1.08206992
 s02_8          =      1.78005972 +/-      7.29094441
 s02_9          =      4.93270901 +/-     15.03984995
 s02_10         =      2.10298092 +/-     22.13652588
 s02_11         =      0.36770385 +/-      5.23822416
 s02_12         =     -1.17696401 +/-      9.09337659
 s02_13         =      3.78603796 +/-     30.09068828
 s02_14         =      0.29894149 +/-      2.65110487
 s02_15         =     -1.70463593 +/-     11.87622499
 s02_16         =     -5.44453968 +/-     11.38386478
