 kweight        =       0.000000000
 kmin           =       3.700000000
 kmax           =      13.000000000
 dk             =       0.300000000
 rmin           =       0.000000000
 rmax           =       6.000000000
 dr             =       0.300000000
 chi_square     =     354.249258784
 chi_reduced    =     141.755076591
 epsilon_k      =       0.000765564
 mychi_square   =   18495.273514964
 mychi_reduced  =      79.565086397
 e0_cor         =    -10.47661105 +/-      5.82955899
 alpha          =      0.00115193 +/-      0.01237163
 theta          =    374.46552825 +/-    163.05547968
 s02_1          =      1.05088631 +/-      0.55910266
 s02_2          =      1.09216472 +/-      0.66127122
 s02_3          =      0.46007295 +/-     10.24685095
 s02_4          =      0.77322035 +/-      3.26411501
 s02_5          =      0.84324902 +/-      1.65582296
 s02_6          =      0.61046400 +/-     10.24844643
 s02_7          =      1.18873050 +/-      3.65337899
 s02_8          =      4.33072951 +/-     50.10173871
 s02_9          =     10.13973196 +/-     49.80340261
 s02_10         =      2.23328334 +/-     37.89280983
 s02_11         =      2.33477031 +/-     19.95646431
 s02_12         =     -2.05445899 +/-     22.54598342
 s02_13         =    -17.20647800 +/-    100.07133802
 s02_14         =      1.32023136 +/-     11.02663683
 s02_15         =      8.70792489 +/-    113.94800219
 s02_16         =     -2.39813496 +/-     36.52627712
