 kweight        =       0.000000000
 kmin           =      -0.128000000
 kmax           =      23.110000000
 dk             =       0.000000000
 rmin           =       0.000000000
 rmax           =       6.000000000
 dr             =       0.300000000
 chi_square     =    3031.818941473
 chi_reduced    =      60.872974963
 epsilon_k      =       0.005979125
 mychi_square   =    5641376.75
 mychi_reduced  =   15288.283867242
 e0_cor         =  0.10000000E-08 +/-   0.0000000
 alpha          =   0.0000000     +/-   0.0000000
 theta          =    385.00000000 +/-   0.0000000
 s02            =      1.00000000 +/-   0.0000000
