 kweight        =       0.000000000
 kmin           =      -0.128000000
 kmax           =      23.110000000
 dk             =       0.000000000
 rmin           =       0.000000000
 rmax           =       6.000000000
 dr             =       0.300000000
 chi_square     =    3031.818941473
 chi_reduced    =      87.107056370
 epsilon_k      =       0.005979125
 mychi_square   =    5641376.75
 mychi_reduced  =   15936.092505685
 e0_cor         =  0.10000000E-08 +/-   0.0000000
 alpha          =   0.0000000     +/-   0.0000000
 theta          =    385.00000000 +/-   0.0000000
 s02_1          =      1.00000000 +/-   0.0000000
 s02_2          =      1.00000000 +/-   0.0000000
 s02_3          =      1.00000000 +/-   0.0000000
 s02_4          =      1.00000000 +/-   0.0000000
 s02_5          =      1.00000000 +/-   0.0000000
 s02_6          =      1.00000000 +/-   0.0000000
 s02_7          =      1.00000000 +/-   0.0000000
 s02_8          =      1.00000000 +/-   0.0000000
 s02_9          =      1.00000000 +/-   0.0000000
 s02_10         =      1.00000000 +/-   0.0000000
 s02_11         =      1.00000000 +/-   0.0000000
 s02_12         =      1.00000000 +/-   0.0000000
 s02_13         =      1.00000000 +/-   0.0000000
 s02_14         =      1.00000000 +/-   0.0000000
 s02_15         =      1.00000000 +/-   0.0000000
 s02_16         =      1.00000000 +/-   0.0000000
