 kweight        =       0.000000000
 kmin           =       2.000000000
 kmax           =      13.000000000
 dk             =       0.300000000
 rmin           =       0.000000000
 rmax           =       6.000000000
 dr             =       0.300000000
 chi_square     =     456.088888255
 chi_reduced    =      21.262691626
 epsilon_k      =       0.000756079
 mychi_square   =   53338.477875309
 mychi_reduced  =     175.397036241
 e0_cor         =    -11.79128412 +/-      0.58922418
 alpha          =     -0.00038848 +/-      0.00258738
 theta          =    345.20301828 +/-     42.14706534
 s02            =      1.10304639 +/-      0.12576328
