 kweight        =       0.000000000
 kmin           =       3.400000000
 kmax           =      12.500000000
 dk             =       0.300000000
 rmin           =       0.000000000
 rmax           =       6.000000000
 dr             =       0.300000000
 chi_square     =      64.078126463
 chi_reduced    =       1.924787372
 epsilon_k      =       0.003383471
 mychi_square   =     654.849527933
 mychi_reduced  =       3.617953193
 alpha          =     -0.00070202 +/-      0.00114575
