 kweight        =       0.000000000
 kmin           =       3.400000000
 kmax           =      12.500000000
 dk             =       0.300000000
 rmin           =       0.000000000
 rmax           =       6.000000000
 dr             =       0.300000000
 chi_square     =      51.808810731
 chi_reduced    =       1.655708826
 epsilon_k      =       0.003383471
 mychi_square   =     545.371474873
 mychi_reduced  =       3.046768016
 e0_cor         =     11.67679000 +/-      0.30455493
 ss2            =      0.00480216 +/-      0.00116869
 s02            =      0.94614360 +/-      0.06263748
