 kweight        =       0.000000000
 kmin           =       3.400000000
 kmax           =      12.500000000
 dk             =       0.300000000
 rmin           =       0.000000000
 rmax           =       6.000000000
 dr             =       0.300000000
 chi_square     =      64.794092736
 chi_reduced    =       2.070693183
 epsilon_k      =       0.003383471
 mychi_square   =     648.364798258
 mychi_reduced  =       3.622149711
 e0_cor         =     12.95088221 +/-      0.34357470
 ss2            =      0.00541890 +/-      0.00136646
 s02            =      0.98322221 +/-      0.07511108
