 kweight        =       0.000000000
 kmin           =       3.400000000
 kmax           =      12.500000000
 dk             =       0.300000000
 rmin           =       0.000000000
 rmax           =       6.000000000
 dr             =       0.300000000
 chi_square     =      61.374232837
 chi_reduced    =       1.961401112
 epsilon_k      =       0.003383471
 mychi_square   =     621.912851865
 mychi_reduced  =       3.474373474
 e0_cor         =     12.64213048 +/-      0.33479159
 ss2            =      0.00558881 +/-      0.00132868
 s02            =      0.99962427 +/-      0.07426424
 alpha          =      0.00000000 +/-      0.00000000