 kweight        =       0.000000000
 kmin           =       3.400000000
 kmax           =      12.500000000
 dk             =       0.300000000
 rmin           =       0.000000000
 rmax           =       6.000000000
 dr             =       0.300000000
 chi_square     =      61.160741165
 chi_reduced    =       1.837154560
 epsilon_k      =       0.003383471
 mychi_square   =     626.518574192
 mychi_reduced  =       3.461428587
 alpha          =     -0.00038202 +/-      0.00111618
