 kweight        =       0.000000000
 kmin           =       2.500000000
 kmax           =      10.000000000
 dk             =       0.300000000
 rmin           =       0.000000000
 rmax           =       6.000000000
 dr             =       0.300000000
 chi_square     =     286.972126314
 chi_reduced    =      14.772003084
 epsilon_k      =       0.003459449
 mychi_square   =    2250.058670379
 mychi_reduced  =      15.411360756
 e0_cor         =     -4.29648148 +/-      1.44681928
 alpha          =      0.01079459 +/-      0.00786034
 sigma2         =     -0.00245880 +/-      0.00262690
 s02            =      1.10375541 +/-      0.14517548
