 kweight        =       0.000000000
 kmin           =       3.300000000
 kmax           =       9.000000000
 dk             =       0.300000000
 rmin           =       0.000000000
 rmax           =       6.000000000
 dr             =       0.300000000
 chi_square     =      92.840744063
 chi_reduced    =       6.743911607
 epsilon_k      =       0.003741139
 mychi_square   =     433.255890369
 mychi_reduced  =       3.938689912
 e0_cor         =      0.34390611 +/-      1.03484180
 alpha          =      0.00275402 +/-      0.00494556
 sigma2         =      0.00075869 +/-      0.00182055
 s02            =      0.98274191 +/-      0.09468165
