 kweight        =       0.000000000
 kmin           =       2.800000000
 kmax           =       8.000000000
 dk             =       0.300000000
 rmin           =       0.000000000
 rmax           =       6.000000000
 dr             =       0.300000000
 chi_square     =      44.494396704
 chi_reduced    =       3.648775705
 epsilon_k      =       0.003999783
 mychi_square   =     918.137422302
 mychi_reduced  =       9.181374223
 e0_cor         =     -0.93262947 +/-      1.40148561
 alpha          =      0.00001697 +/-      0.00794990
 sigma2         =      0.00203824 +/-      0.00313173
 s02            =      1.18455493 +/-      0.17595625
