 kweight        =       0.000000000
 kmin           =       2.400000000
 kmax           =      10.000000000
 dk             =       0.300000000
 rmin           =       0.000000000
 rmax           =       6.000000000
 dr             =       0.300000000
 chi_square     =     644.852644626
 chi_reduced    =      32.665303393
 epsilon_k      =       0.003521651
 mychi_square   =    3369.524041882
 mychi_reduced  =      22.767054337
 e0_cor         =     -1.80918436 +/-      2.03326390
 alpha          =     -0.00633463 +/-      0.01086664
 sigma2         =      0.00016147 +/-      0.00382066
 s02            =      1.05174220 +/-      0.17557350
