 kweight        =       0.000000000
 kmin           =       2.000000000
 kmax           =      11.000000000
 dk             =       0.300000000
 rmin           =       0.000000000
 rmax           =       6.000000000
 dr             =       0.300000000
 chi_square     =     867.792911658
 chi_reduced    =      35.943046618
 epsilon_k      =       0.003805369
 mychi_square   =    2775.365409287
 mychi_reduced  =      15.769121644
 e0_cor         =     -1.57943953 +/-      0.85074404
 alpha          =      0.02076594 +/-      0.00693630
 sigma2         =     -0.00440706 +/-      0.00241614
 s02            =      0.90507866 +/-      0.09691176
