 kweight        =       2.000000000
 kmin           =       3.500000000
 kmax           =      12.000000000
 dk             =       0.300000000
 rmin           =       0.000000000
 rmax           =       6.000000000
 dr             =       0.300000000
 chi_square     =    649516.112
 chi_reduced    =   84158.484010156
 epsilon_k      =       0.000470388
 mychi_square   =   25686.076869599
 mychi_reduced  =     154.735402829
 e0_cor         =      0.05269795 +/-      1.83129897
 alpha          =      0.00922353 +/-      0.00527959
 theta          =   1138.65428057 +/-    532.28222738
 ss2            =      0.91114690 +/-      0.13366773
