 kweight        =       0.000000000
 kmin           =       3.500000000
 kmax           =      12.000000000
 dk             =       0.300000000
 rmin           =       0.000000000
 rmax           =       6.000000000
 dr             =       0.300000000
 chi_square     =      61.121112252
 chi_reduced    =       7.919526629
 epsilon_k      =       0.000470388
 mychi_square   =      24.817791164
 mychi_reduced  =       0.149504766
 e0_cor         =     -3.60739058 +/-      1.92735273
 alpha          =     -0.00355281 +/-      0.00813452
 theta          =    651.19839099 +/-    377.36150273
 ss2            =      1.09246824 +/-      0.20914370
