 kweight        =       0.200000000
 kmin           =       3.500000000
 kmax           =      12.000000000
 dk             =       0.300000000
 rmin           =       0.000000000
 rmax           =       6.000000000
 dr             =       0.300000000
 chi_square     =     553.987318615
 chi_reduced    =      71.780717988
 epsilon_k      =       0.000856542
 mychi_square   =   26071.961807732
 mychi_reduced  =     109.771008091
 e0_cor         =    -11.22185486 +/-      1.76606739
 alpha          =      0.00302087 +/-      0.00465286
 theta          =    159.65985050 +/-     83.33580426
 ss2            =      1.10910761 +/-      0.32317947
