 kweight        =       0.000000000
 kmin           =       3.200000000
 kmax           =      14.000000000
 dk             =       0.300000000
 rmin           =       0.000000000
 rmax           =       6.000000000
 dr             =       0.300000000
 chi_square     =      61.207867278
 chi_reduced    =       2.053699534
 epsilon_k      =       0.003946568
 mychi_square   =   35635.917953761
 mychi_reduced  =     168.093952612
 e0_cor         =      8.25390121 +/-      0.79434771
 alpha          =     -0.00783270 +/-      0.00321850
 sigma2         =      0.00699717 +/-      0.00143251
 s02            =      1.04483491 +/-      0.08507658
