 kweight        =       0.000000000
 kmin           =       2.000000000
 kmax           =      10.000000000
 dk             =       0.300000000
 rmin           =       0.000000000
 rmax           =       6.000000000
 dr             =       0.300000000
 chi_square     =    3143.941833278
 chi_reduced    =     149.718478225
 epsilon_k      =       0.000091462
 mychi_square   =    2153.660799359
 mychi_reduced  =      13.805517945
 e0_cor         =     -1.36284910 +/-      0.53257533
 alpha          =      0.00025732 +/-      0.00424649
 sigma2         =      0.01016630 +/-      0.00225105
 s02            =      0.87618708 +/-      0.08875063
