 kweight        =       0.000000000
 kmin           =       3.700000000
 kmax           =      13.000000000
 dk             =       0.300000000
 rmin           =       0.000000000
 rmax           =       6.000000000
 dr             =       0.300000000
 chi_square     =     605.835794111
 chi_reduced    =      34.621120217
 epsilon_k      =       0.000765564
 mychi_square   =   26165.809992464
 mychi_reduced  =     105.739823640
 e0_cor         =    -11.12801507 +/-      1.14722480
 alpha          =      0.00341348 +/-      0.00307452
 theta          =    365.82855993 +/-     59.04262307
 s02            =      1.08162997 +/-      0.18230513
