 kweight        =       0.000000000
 kmin           =      -0.128000000
 kmax           =      23.110000000
 dk             =       0.000000000
 rmin           =       0.000000000
 rmax           =       6.000000000
 dr             =       0.300000000
 chi_square     =    2561.772216820
 chi_reduced    =      73.602164643
 epsilon_k      =       0.005979125
 mychi_square   =    4764221.49
 mychi_reduced  =   13458.252805274
 e0_cor         =  0.10000000E-08 +/-   0.0000000
 alpha          =      0.00010000 +/-   0.0000000
 theta          =    350.00000000 +/-   0.0000000
 s02_1          =      0.90000000 +/-   0.0000000
 s02_2          =      0.90000000 +/-   0.0000000
 s02_3          =      0.90000000 +/-   0.0000000
 s02_4          =      0.90000000 +/-   0.0000000
 s02_5          =      0.90000000 +/-   0.0000000
 s02_6          =      0.90000000 +/-   0.0000000
 s02_7          =      0.90000000 +/-   0.0000000
 s02_8          =      0.90000000 +/-   0.0000000
 s02_9          =      0.90000000 +/-   0.0000000
 s02_10         =      0.90000000 +/-   0.0000000
 s02_11         =      0.90000000 +/-   0.0000000
 s02_12         =      0.90000000 +/-   0.0000000
 s02_13         =      0.90000000 +/-   0.0000000
 s02_14         =      0.90000000 +/-   0.0000000
 s02_15         =      0.90000000 +/-   0.0000000
 s02_16         =      0.90000000 +/-   0.0000000
