 kweight        =       0.000000000
 kmin           =       3.700000000
 kmax           =      13.000000000
 dk             =       0.300000000
 rmin           =       0.000000000
 rmax           =       6.000000000
 dr             =       0.300000000
 chi_square     =     353.924430619
 chi_reduced    =     141.625094550
 epsilon_k      =       0.000765564
 mychi_square   =   18499.655508268
 mychi_reduced  =      79.583937358
 e0_cor         =    -10.42988843 +/-      5.84264159
 alpha          =      0.00349637 +/-      0.01242085
 theta          =    385.79735689 +/-    179.16142904
 s02_1          =      1.05417808 +/-      0.56336995
 s02_2          =      1.08852345 +/-      0.65950057
 s02_3          =      0.38754129 +/-     10.19401993
 s02_4          =      0.77287561 +/-      3.26019445
 s02_5          =      0.82642440 +/-      1.66600106
 s02_6          =      0.53029832 +/-     10.27021634
 s02_7          =      1.19027446 +/-      3.70023463
 s02_8          =      4.26480291 +/-     50.24116804
 s02_9          =      9.85823296 +/-     49.21181689
 s02_10         =      2.08052112 +/-     38.16935011
 s02_11         =      2.22147796 +/-     19.73297191
 s02_12         =     -2.17816497 +/-     22.82114370
 s02_13         =    -16.93507449 +/-     96.70414674
 s02_14         =      1.25811188 +/-     10.90850481
 s02_15         =      8.64347988 +/-    111.63307544
 s02_16         =     -2.47190066 +/-     35.71553618
