 kweight        =       0.000000000
 kmin           =       3.400000000
 kmax           =      12.500000000
 dk             =       0.300000000
 rmin           =       0.000000000
 rmax           =       6.000000000
 dr             =       0.300000000
 chi_square     =     106.401070884
 chi_reduced    =       4.919170012
 epsilon_k      =       0.003571317
 mychi_square   =     680.187142426
 mychi_reduced  =       3.821276081
 e0_cor         =     11.49476674 +/-      1.08453508
 alpha          =     -0.00189955 +/-      0.00463125
 sigma2         =      0.00701133 +/-      0.00313351
 s02            =      0.99342744 +/-      0.12989147
