 kweight        =       0.000000000
 kmin           =       3.400000000
 kmax           =      12.500000000
 dk             =       0.300000000
 rmin           =       0.000000000
 rmax           =       6.000000000
 dr             =       0.300000000
 chi_square     =     124.325413425
 chi_reduced    =       5.747854230
 epsilon_k      =       0.003571317
 mychi_square   =     787.611911556
 mychi_reduced  =       4.424786020
 e0_cor         =     12.10608796 +/-      0.92727583
 alpha          =      0.01063185 +/-      0.00435707
 sigma2         =      0.00945209 +/-      0.01360797
 s02            =      0.78985748 +/-      0.03929900
