 kweight        =       0.000000000
 kmin           =       3.400000000
 kmax           =      12.500000000
 dk             =       0.300000000
 rmin           =       0.000000000
 rmax           =       6.000000000
 dr             =       0.300000000
 chi_square     =     120.515344078
 chi_reduced    =       5.571705826
 epsilon_k      =       0.003571317
 mychi_square   =     749.617751114
 mychi_reduced  =       4.211335680
 e0_cor         =     12.75894115 +/-      0.88200354
 alpha          =     -0.00421494 +/-      0.00442123
 sigma2         =      0.00883007 +/-      0.00500380
 s02            =      0.71529406 +/-      0.03715790
