 kweight        =       0.000000000
 kmin           =       3.300000000
 kmax           =       9.000000000
 dk             =       0.300000000
 rmin           =       0.000000000
 rmax           =       6.000000000
 dr             =       0.300000000
 chi_square     =     189.999511004
 chi_reduced    =      15.832004172
 epsilon_k      =       0.002045740
 mychi_square   =     531.003781662
 mychi_reduced  =       4.827307106
 e0_cor         =      3.75665061 +/-      1.33055997
 alpha          =      0.01547179 +/-      0.00679842
 sigma2         =      0.00342204 +/-      0.00265391
 s02            =      0.94039786 +/-      0.12208616
