 kweight        =       0.000000000
 kmin           =       3.300000000
 kmax           =       9.000000000
 dk             =       0.300000000
 rmin           =       0.000000000
 rmax           =       6.000000000
 dr             =       0.300000000
 chi_square     =     192.582318673
 chi_reduced    =      16.047220630
 epsilon_k      =       0.002045740
 mychi_square   =     534.513844554
 mychi_reduced  =       4.859216769
 e0_cor         =      3.74335166 +/-      1.33987698
 alpha          =      0.01576828 +/-      0.00684429
 sigma2         =      0.00348802 +/-      0.00267047
 s02            =      0.94146242 +/-      0.12303576
