 kweight        =       0.000000000
 kmin           =       3.300000000
 kmax           =       9.000000000
 dk             =       0.300000000
 rmin           =       0.000000000
 rmax           =       6.000000000
 dr             =       0.300000000
 chi_square     =     220.275599934
 chi_reduced    =      18.354806277
 epsilon_k      =       0.002045740
 mychi_square   =     601.940029471
 mychi_reduced  =       5.472182086
 e0_cor         =      4.11751756 +/-      1.37664511
 alpha          =      0.01712481 +/-      0.00717465
 sigma2         =      0.00332235 +/-      0.00284726
 s02            =      0.92360191 +/-      0.12859027
