 kweight        =       0.000000000
 kmin           =       3.300000000
 kmax           =       9.000000000
 dk             =       0.300000000
 rmin           =       0.000000000
 rmax           =       6.000000000
 dr             =       0.300000000
 chi_square     =     406.976621714
 chi_reduced    =      33.911958714
 epsilon_k      =       0.002045740
 mychi_square   =     784.416781208
 mychi_reduced  =       7.131061647
 e0_cor         =     -8.75426913 +/-      4.57182070
 alpha          =      0.05770596 +/-      0.01959554
 sigma2         =      0.01634094 +/-      0.00512367
 s02            =      2.24339854 +/-      0.57338899
