 kweight        =       0.000000000
 kmin           =       3.300000000
 kmax           =       9.000000000
 dk             =       0.300000000
 rmin           =       0.000000000
 rmax           =       6.000000000
 dr             =       0.300000000
 chi_square     =     450.630716144
 chi_reduced    =      37.549503892
 epsilon_k      =       0.002045740
 mychi_square   =     892.449777860
 mychi_reduced  =       8.113179799
 e0_cor         =     -8.43533415 +/-      5.28754714
 alpha          =      0.05816146 +/-      0.02190273
 sigma2         =      0.01622786 +/-      0.00539524
 s02            =      2.24952114 +/-      0.61545735
