 kweight        =       0.000000000
 kmin           =       3.300000000
 kmax           =       9.000000000
 dk             =       0.300000000
 rmin           =       0.000000000
 rmax           =       6.000000000
 dr             =       0.300000000
 chi_square     =     156.899193606
 chi_reduced    =      13.073868846
 epsilon_k      =       0.002045740
 mychi_square   =     547.404204782
 mychi_reduced  =       4.976401862
 e0_cor         =      2.04650450 +/-      1.23702238
 alpha          =      0.00207320 +/-      0.00622792
 sigma2         =      0.00273895 +/-      0.00238834
 s02            =      0.87764798 +/-      0.10370213
