 kweight        =       0.000000000
 kmin           =       3.300000000
 kmax           =       9.000000000
 dk             =       0.300000000
 rmin           =       0.000000000
 rmax           =       6.000000000
 dr             =       0.300000000
 chi_square     =     416.298992804
 chi_reduced    =      30.239779289
 epsilon_k      =       0.002427326
 mychi_square   =     797.879470699
 mychi_reduced  =       7.253449734
 e0_cor         =      4.89328821 +/-      1.39969785
 alpha          =      0.00646467 +/-      0.00811380
 sigma2         =      0.00524528 +/-      0.00380963
 s02            =      1.02178691 +/-      0.19371925
