 kweight        =       0.000000000
 kmin           =       3.300000000
 kmax           =       9.000000000
 dk             =       0.300000000
 rmin           =       0.000000000
 rmax           =       6.000000000
 dr             =       0.300000000
 chi_square     =     273.142061637
 chi_reduced    =      19.840921552
 epsilon_k      =       0.002427326
 mychi_square   =     565.714140495
 mychi_reduced  =       5.142855823
 e0_cor         =      3.97565710 +/-      1.21855910
 alpha          =      0.00374627 +/-      0.00678741
 sigma2         =      0.00546735 +/-      0.00306565
 s02            =      1.05296443 +/-      0.16102616
