 kweight        =       0.000000000
 kmin           =       3.300000000
 kmax           =       9.000000000
 dk             =       0.300000000
 rmin           =       0.000000000
 rmax           =       6.000000000
 dr             =       0.300000000
 chi_square     =    1268.964742375
 chi_reduced    =      92.177051585
 epsilon_k      =       0.002427326
 mychi_square   =    1519.521224700
 mychi_reduced  =      13.813829315
 e0_cor         =      6.28715809 +/-      3.12273987
 alpha          =      0.04659507 +/-      0.01782072
 sigma2         =      0.01474444 +/-      0.00896451
 s02            =      1.53700511 +/-      0.66548605
