 kweight        =       0.000000000
 kmin           =       3.300000000
 kmax           =       9.000000000
 dk             =       0.300000000
 rmin           =       0.000000000
 rmax           =       6.000000000
 dr             =       0.300000000
 chi_square     =     775.346699226
 chi_reduced    =      56.320849827
 epsilon_k      =       0.002427326
 mychi_square   =     998.377124658
 mychi_reduced  =       9.076155679
 e0_cor         =     -9.11052916 +/-      7.70376884
 alpha          =      0.04034485 +/-      0.03208144
 sigma2         =      0.02710664 +/-      0.00859226
 s02            =      3.65004016 +/-      1.53841291
