 kweight        =       0.000000000
 kmin           =       2.500000000
 kmax           =      10.000000000
 dk             =       0.300000000
 rmin           =       0.000000000
 rmax           =       6.000000000
 dr             =       0.300000000
 chi_square     =     198.522585044
 chi_reduced    =      10.219028155
 epsilon_k      =       0.003459449
 mychi_square   =    1889.473583621
 mychi_reduced  =      12.941599888
 e0_cor         =     -1.11532781 +/-      1.40760368
 alpha          =     -0.00075958 +/-      0.00789189
 sigma2         =      0.00260661 +/-      0.00279552
 s02            =      1.23875671 +/-      0.14766674
