 kweight        =       0.000000000
 kmin           =       2.400000000
 kmax           =      11.000000000
 dk             =       0.300000000
 rmin           =       0.000000000
 rmax           =       6.000000000
 dr             =       0.300000000
 chi_square     =     747.816065846
 chi_reduced    =      32.676067908
 epsilon_k      =       0.003313109
 mychi_square   =    3409.458009976
 mychi_reduced  =      20.294392917
 e0_cor         =     -1.77571260 +/-      1.88774604
 alpha          =     -0.00582507 +/-      0.01012488
 sigma2         =      0.00054294 +/-      0.00344291
 s02            =      1.06628076 +/-      0.16139974
