 kweight        =       0.000000000
 kmin           =       2.000000000
 kmax           =      12.000000000
 dk             =       0.300000000
 rmin           =       0.000000000
 rmax           =       6.000000000
 dr             =       0.300000000
 chi_square     =     974.889775034
 chi_reduced    =      35.725839374
 epsilon_k      =       0.003609299
 mychi_square   =    2796.081368960
 mychi_reduced  =      14.265721270
 e0_cor         =     -1.57045077 +/-      0.79443410
 alpha          =      0.02091955 +/-      0.00647680
 sigma2         =     -0.00422761 +/-      0.00221539
 s02            =      0.91101542 +/-      0.09009491
