 kweight        =       0.000000000
 kmin           =       3.200000000
 kmax           =      10.000000000
 dk             =       0.300000000
 rmin           =       0.000000000
 rmax           =       6.000000000
 dr             =       0.300000000
 chi_square     =     149.775862301
 chi_reduced    =       8.694964737
 epsilon_k      =       0.003507121
 mychi_square   =     447.547251758
 mychi_reduced  =       3.390509483
 e0_cor         =     -0.36265047 +/-      0.82624021
 alpha          =      0.00079201 +/-      0.00421474
 sigma2         =     -0.00052451 +/-      0.00160047
 s02            =      0.97392784 +/-      0.08338181
