 kweight        =       0.000000000
 kmin           =       3.200000000
 kmax           =      11.000000000
 dk             =       0.300000000
 rmin           =       0.000000000
 rmax           =       6.000000000
 dr             =       0.300000000
 chi_square     =     185.170592348
 chi_reduced    =       9.090305698
 epsilon_k      =       0.003275258
 mychi_square   =     464.596630151
 mychi_reduced  =       3.056556777
 e0_cor         =     -0.19327712 +/-      0.77254782
 alpha          =      0.00194551 +/-      0.00394408
 sigma2         =     -0.00003241 +/-      0.00143244
 s02            =      0.99689943 +/-      0.07698727
