 kweight        =       0.000000000
 kmin           =       2.500000000
 kmax           =      11.000000000
 dk             =       0.300000000
 rmin           =       0.000000000
 rmax           =       6.000000000
 dr             =       0.300000000
 chi_square     =     197.793217231
 chi_reduced    =       8.763044799
 epsilon_k      =       0.003238472
 mychi_square   =    1849.828685826
 mychi_reduced  =      11.143546300
 e0_cor         =     -0.72300821 +/-      1.39541243
 alpha          =      0.00150556 +/-      0.00792269
 sigma2         =      0.00475736 +/-      0.00278105
 s02            =      1.34850680 +/-      0.15667106
