 kweight        =       0.000000000
 kmin           =       3.400000000
 kmax           =      12.500000000
 dk             =       0.300000000
 rmin           =       0.000000000
 rmax           =       6.000000000
 dr             =       0.300000000
 chi_square     =     115.142744975
 chi_reduced    =       5.323318021
 epsilon_k      =       0.003571317
 mychi_square   =     736.570268121
 mychi_reduced  =       4.138035214
 e0_cor         =     12.49384904 +/-      0.87952861
 alpha          =      0.01706089 +/-      0.00441050
 sigma2         =      0.00509277 +/-      0.00357830
 s02            =      0.84798317 +/-      0.04113069
