 kweight        =       0.000000000
 kmin           =       3.400000000
 kmax           =      12.500000000
 dk             =       0.300000000
 rmin           =       0.000000000
 rmax           =       6.000000000
 dr             =       0.300000000
 chi_square     =     120.333259252
 chi_reduced    =       5.563287619
 epsilon_k      =       0.003571317
 mychi_square   =     853.865467044
 mychi_reduced  =       4.796997006
 e0_cor         =     13.00949178 +/-      1.07462854
 alpha          =      0.00702620 +/-      0.00469224
 sigma2         =      0.00552607 +/-      0.00228802
 s02            =      1.03394595 +/-      0.14038672
