 kweight        =       0.000000000
 kmin           =       3.400000000
 kmax           =      12.500000000
 dk             =       0.300000000
 rmin           =       0.000000000
 rmax           =       6.000000000
 dr             =       0.300000000
 chi_square     =     105.845201806
 chi_reduced    =       4.893470886
 epsilon_k      =       0.003571317
 mychi_square   =     681.413158510
 mychi_reduced  =       3.828163812
 e0_cor         =     12.12088419 +/-      1.05867727
 alpha          =      0.00795512 +/-      0.00451773
 sigma2         =      0.00419919 +/-      0.00200515
 s02            =      0.92124957 +/-      0.10994615
