 kweight        =       0.000000000
 kmin           =       3.400000000
 kmax           =      12.500000000
 dk             =       0.300000000
 rmin           =       0.000000000
 rmax           =       6.000000000
 dr             =       0.300000000
 chi_square     =     102.560088513
 chi_reduced    =       4.741592426
 epsilon_k      =       0.003571317
 mychi_square   =     630.135421970
 mychi_reduced  =       3.540086640
 e0_cor         =     12.19351073 +/-      1.13097030
 alpha          =      0.01056723 +/-      0.00433258
 sigma2         =      0.00574960 +/-      0.00229218
 s02            =      1.07451059 +/-      0.15026630
