 kweight        =       0.000000000
 kmin           =       3.400000000
 kmax           =      12.500000000
 dk             =       0.300000000
 rmin           =       0.000000000
 rmax           =       6.000000000
 dr             =       0.300000000
 chi_square     =     102.619918148
 chi_reduced    =       4.744358489
 epsilon_k      =       0.003571317
 mychi_square   =     651.222400747
 mychi_reduced  =       3.658552813
 e0_cor         =     11.55518680 +/-      1.05335166
 alpha          =      0.01745756 +/-      0.00440663
 sigma2         =      0.00525330 +/-      0.00201147
 s02            =      1.03338658 +/-      0.12733733
