 kweight        =       0.000000000
 kmin           =       2.000000000
 kmax           =      11.100000000
 dk             =       0.300000000
 rmin           =       0.000000000
 rmax           =       6.000000000
 dr             =       0.300000000
 chi_square     =   13825.713145656
 chi_reduced    =    1066.079085930
 epsilon_k      =       0.450324888
 mychi_square   =    27582310.2
 mychi_reduced  =    200865.972
 e0_cor         =    423.84018955 +/-  0.41322419E+09
 alpha          =     -3.07940565 +/-   189652.22
 ss2            =      1.48587681 +/-   278830.12
 s02            =      0.85000000 +/-      0.01632543
