 kweight        =       0.000000000
 kmin           =       3.200000000
 kmax           =      15.000000000
 dk             =       0.300000000
 rmin           =       0.000000000
 rmax           =       6.000000000
 dr             =       0.300000000
 chi_square     =    2587.808060573
 chi_reduced    =      78.541612200
 epsilon_k      =       0.000482116
 mychi_square   =    15797355.4
 mychi_reduced  =   68092.049278041
 e0_cor         =     -1.96558633 +/-      2.25248683
 alpha          =      0.00002170 +/-      0.00363985
 sigma2         =      0.00169836 +/-      0.00077020
 s02            =      0.78484714 +/-      0.11941474
