 kweight        =       0.000000000
 kmin           =       3.200000000
 kmax           =      15.000000000
 dk             =       0.300000000
 rmin           =       0.000000000
 rmax           =       6.000000000
 dr             =       0.300000000
 chi_square     =     432.865084202
 chi_reduced    =      13.137729222
 epsilon_k      =       0.000482116
 mychi_square   =      38.090406794
 mychi_reduced  =       0.164182788
 e0_cor         =     -5.47823239 +/-      1.11991529
 alpha          =     -0.00040735 +/-      0.00449157
 sigma2         =      0.00269061 +/-      0.00151333
 s02            =      0.89358851 +/-      0.09014637
