 kweight        =       0.000000000
 kmin           =       2.000000000
 kmax           =      15.000000000
 dk             =       0.300000000
 rmin           =       0.000000000
 rmax           =       6.000000000
 dr             =       0.300000000
 chi_square     =    1379.396642721
 chi_reduced    =      37.563549774
 epsilon_k      =       0.000927827
 mychi_square   =      87.427474837
 mychi_reduced  =       0.341513574
 e0_cor         =     -5.00210183 +/-      0.75206377
 alpha          =      0.00212546 +/-      0.00592298
 sigma2         =     -0.00094684 +/-      0.00199264
 s02            =      0.58512319 +/-      0.06005883
