 kweight        =       0.000000000
 kmin           =       3.200000000
 kmax           =      15.000000000
 dk             =       0.300000000
 rmin           =       0.000000000
 rmax           =       6.000000000
 dr             =       0.300000000
 chi_square     =    2610.616923961
 chi_reduced    =      79.233875638
 epsilon_k      =       0.000482116
 mychi_square   =    15933059.1
 mychi_reduced  =   68676.979014815
 e0_cor         =     -2.03425151 +/-      2.26586398
 alpha          =      0.00001139 +/-      0.00365887
 sigma2         =      0.00171991 +/-      0.00077385
 s02            =      0.78713584 +/-      0.12024148
