 kweight        =       0.000000000
 kmin           =       2.000000000
 kmax           =      15.000000000
 dk             =       0.300000000
 rmin           =       0.000000000
 rmax           =       6.000000000
 dr             =       0.300000000
 chi_square     =    1619.888435068
 chi_reduced    =      44.112590950
 epsilon_k      =       0.000927827
 mychi_square   =     109.886905584
 mychi_reduced  =       0.429245725
 e0_cor         =     -6.12681038 +/-      0.82162512
 alpha          =     -0.00002647 +/-      0.00644320
 sigma2         =     -0.00098348 +/-      0.00215526
 s02            =      0.57300611 +/-      0.06404437
