 kweight        =       0.000000000
 kmin           =       3.200000000
 kmax           =      11.000000000
 dk             =       0.300000000
 rmin           =       0.000000000
 rmax           =       6.000000000
 dr             =       0.300000000
 chi_square     =     341.548421990
 chi_reduced    =      16.767130932
 epsilon_k      =       0.003275258
 mychi_square   =     738.580082399
 mychi_reduced  =       4.859079489
 e0_cor         =      2.53632887 +/-      0.95071919
 alpha          =      0.01160971 +/-      0.00503186
 sigma2         =     -0.00073869 +/-      0.00197758
 s02            =      1.02119358 +/-      0.10918891
