 kweight        =       0.000000000
 kmin           =       3.200000000
 kmax           =      10.000000000
 dk             =       0.300000000
 rmin           =       0.000000000
 rmax           =       6.000000000
 dr             =       0.300000000
 chi_square     =     291.866626723
 chi_reduced    =      16.943785122
 epsilon_k      =       0.003507121
 mychi_square   =     730.359897385
 mychi_reduced  =       5.533029526
 e0_cor         =      2.44638528 +/-      1.02444282
 alpha          =      0.01102814 +/-      0.00547157
 sigma2         =     -0.00088537 +/-      0.00222844
 s02            =      1.01408198 +/-      0.12131975
