 kweight        =       0.000000000
 kmin           =       3.200000000
 kmax           =      12.000000000
 dk             =       0.300000000
 rmin           =       0.000000000
 rmax           =       6.000000000
 dr             =       0.300000000
 chi_square     =     389.470080263
 chi_reduced    =      16.562870642
 epsilon_k      =       0.003084270
 mychi_square   =     744.849866058
 mychi_reduced  =       4.330522477
 e0_cor         =      2.52237747 +/-      0.88313687
 alpha          =      0.01149275 +/-      0.00465640
 sigma2         =     -0.00078970 +/-      0.00181733
 s02            =      1.01878464 +/-      0.10052677
