 kweight        =       0.000000000
 kmin           =       3.300000000
 kmax           =      10.000000000
 dk             =       0.300000000
 rmin           =       0.000000000
 rmax           =       6.000000000
 dr             =       0.300000000
 chi_square     =     199.593797198
 chi_reduced    =      11.802508999
 epsilon_k      =       0.003444518
 mychi_square   =     612.127291602
 mychi_reduced  =       4.708671474
 e0_cor         =      3.80064273 +/-      1.14092984
 alpha          =      0.01553662 +/-      0.00559825
 sigma2         =     -0.00084324 +/-      0.00211922
 s02            =      1.01105538 +/-      0.11394850
