 kweight        =       0.000000000
 kmin           =       3.300000000
 kmax           =       9.000000000
 dk             =       0.300000000
 rmin           =       0.000000000
 rmax           =       6.000000000
 dr             =       0.300000000
 chi_square     =     162.818232437
 chi_reduced    =      11.827046181
 epsilon_k      =       0.003731188
 mychi_square   =     597.502411266
 mychi_reduced  =       5.431840102
 e0_cor         =      3.82077214 +/-      1.25798410
 alpha          =      0.01556331 +/-      0.00619002
 sigma2         =      0.0097807 +/-      0.00246694
 s02            =      1.00474788 +/-      0.13001369
