 kweight        =       0.000000000
 kmin           =       3.300000000
 kmax           =       9.000000000
 dk             =       0.300000000
 rmin           =       0.000000000
 rmax           =       6.000000000
 dr             =       0.300000000
 chi_square     =     475.123339924
 chi_reduced    =      34.512754493
 epsilon_k      =       0.002427326
 mychi_square   =     694.491337906
 mychi_reduced  =       6.313557617
 e0_cor         =     -8.58668808 +/-      3.86458282
 alpha          =     -0.00380187 +/-      0.01566860
 sigma2         =      0.01575744 +/-      0.00497389
 s02            =      1.91119195 +/-      0.49496069
