 kweight        =       0.000000000
 kmin           =       3.200000000
 kmax           =      14.000000000
 dk             =       0.300000000
 rmin           =       0.000000000
 rmax           =       6.000000000
 dr             =       0.300000000
 chi_square     =     113.136902034
 chi_reduced    =       3.796067620
 epsilon_k      =       0.003946568
 mychi_square   =   69963.764729649
 mychi_reduced  =     330.017758159
 e0_cor         =      8.91773183 +/-      1.12695213
 alpha          =     -0.00177781 +/-      0.00457393
 sigma2         =      0.00865638 +/-      0.00207615
 s02            =      1.13810481 +/-      0.13111741
