 kweight        =       0.000000000
 kmin           =       3.300000000
 kmax           =       9.000000000
 dk             =       0.300000000
 rmin           =       0.000000000
 rmax           =       6.000000000
 dr             =       0.300000000
 chi_square     =      69.009013304
 chi_reduced    =       5.012784963
 epsilon_k      =       0.003731188
 mychi_square   =     353.693646326
 mychi_reduced  =       3.215396785
 e0_cor         =      0.66189400 +/-      0.87874448
 alpha          =      0.00396365 +/-      0.00426322
 sigma2         =      0.0045251 +/-       0.00157958
 s02            =      0.97336683 +/-      0.08077202
