 kweight        =       0.000000000
 kmin           =       3.200000000
 kmax           =      12.000000000
 dk             =       0.300000000
 rmin           =       0.000000000
 rmax           =       6.000000000
 dr             =       0.300000000
 chi_square     =     219.007921249
 chi_reduced    =       9.313680442
 epsilon_k      =       0.003084270
 mychi_square   =     475.798045258
 mychi_reduced  =       2.766267705
 e0_cor         =     -0.09670032 +/-      0.72943720
 alpha          =      0.00252436 +/-      0.00373238
 sigma2         =      0.00010336 +/-      0.00134218
 s02            =      1.00351771 +/-      0.07270809
