 kweight        =       0.000000000
 kmin           =       3.300000000
 kmax           =       9.000000000
 dk             =       0.300000000
 rmin           =       0.000000000
 rmax           =       6.000000000
 dr             =       0.300000000
 chi_square     =     216.540094241
 chi_reduced    =      15.729379052
 epsilon_k      =       0.002045740
 mychi_square   =     592.478391991
 mychi_reduced  =       5.386167200
 e0_cor         =      5.32778066 +/-      1.25706019
 alpha          =      0.01998025 +/-      0.00679103
 sigma2         =      0.00133071 +/-      0.00273027
 s02            =      0.90906679 +/-      0.11841319
