 kweight        =       0.000000000
 kmin           =       3.300000000
 kmax           =       9.000000000
 dk             =       0.300000000
 rmin           =       0.000000000
 rmax           =       6.000000000
 dr             =       0.300000000
 chi_square     =     925.871246990
 chi_reduced    =      67.254888055
 epsilon_k      =       0.002045740
 mychi_square   =    1903.899636765
 mychi_reduced  =      17.308178516
 e0_cor         =     -8.34390190 +/-      7.48258072
 alpha          =     -0.02412219 +/-      0.02391602
 sigma2         =      0.00988697 +/-      0.00705127
 s02            =      1.94745385 +/-      0.88806688
