 kweight        =       0.000000000
 kmin           =       3.300000000
 kmax           =       9.000000000
 dk             =       0.300000000
 rmin           =       0.000000000
 rmax           =       6.000000000
 dr             =       0.300000000
 chi_square     =     453.107018846
 chi_reduced    =      32.913498425
 epsilon_k      =       0.002045740
 mychi_square   =     831.613173957
 mychi_reduced  =       7.560119763
 e0_cor         =     -1.75722736 +/-      5.73795726
 alpha          =      0.01062449 +/-      0.01739955
 sigma2         =      0.22392017 +/-    408.97283433
 s02            =      1.97508088 +/-      0.20315177
