 kweight        =       0.000000000
 kmin           =       3.300000000
 kmax           =       9.000000000
 dk             =       0.300000000
 rmin           =       0.000000000
 rmax           =       6.000000000
 dr             =       0.300000000
 chi_square     =     205.212675134
 chi_reduced    =      14.906560214
 epsilon_k      =       0.002045740
 mychi_square   =     554.949392708
 mychi_reduced  =       5.044994479
 e0_cor         =      4.87788292 +/-      1.23578890
 alpha          =      0.01986315 +/-      0.00667343
 sigma2         =      0.00227627 +/-      0.00261358
 s02            =      0.90380863 +/-      0.11370462
