 kweight        =       0.000000000
 kmin           =       3.300000000
 kmax           =       9.000000000
 dk             =       0.300000000
 rmin           =       0.000000000
 rmax           =       6.000000000
 dr             =       0.300000000
 chi_square     =     103.040395594
 chi_reduced    =       7.484809895
 epsilon_k      =       0.002045740
 mychi_square   =     350.785568374
 mychi_reduced  =       3.188959712
 e0_cor         =      1.90441219 +/-      1.12288577
 alpha          =      0.00955311 +/-      0.00541745
 sigma2         =      0.00693933 +/-      0.00276309
 s02            =      0.88813381 +/-      0.05112303
