 kweight        =       0.000000000
 kmin           =       3.300000000
 kmax           =       9.000000000
 dk             =       0.300000000
 rmin           =       0.000000000
 rmax           =       6.000000000
 dr             =       0.300000000
 chi_square     =     171.030378270
 chi_reduced    =      12.423572913
 epsilon_k      =       0.002045740
 mychi_square   =     487.002375567
 mychi_reduced  =       4.427294323
 e0_cor         =      4.21462429 +/-      1.15938438
 alpha          =      0.01788483 +/-      0.00612906
 sigma2         =      0.00254983 +/-      0.00238269
 s02            =      0.92209003 +/-      0.10600680
