 kweight        =       0.000000000
 kmin           =       3.300000000
 kmax           =       9.000000000
 dk             =       0.300000000
 rmin           =       0.000000000
 rmax           =       6.000000000
 dr             =       0.300000000
 chi_square     =     382.952942241
 chi_reduced    =      27.817536558
 epsilon_k      =       0.002045740
 mychi_square   =     677.961467748
 mychi_reduced  =       6.163286070
 e0_cor         =      7.65818281 +/-      2.23958223
 alpha          =      0.01846024 +/-      0.01071528
 sigma2         =      0.00081658 +/-      0.00374485
 s02            =      1.00306119 +/-      0.18551465
