 kweight        =       0.000000000
 kmin           =       3.300000000
 kmax           =       9.000000000
 dk             =       0.300000000
 rmin           =       0.000000000
 rmax           =       6.000000000
 dr             =       0.300000000
 chi_square     =     423.261326800
 chi_reduced    =      30.745520227
 epsilon_k      =       0.002045740
 mychi_square   =     746.560982608
 mychi_reduced  =       6.786918024
 e0_cor         =      5.52761907 +/-      2.45956767
 alpha          =      0.02258632 +/-      0.01161276
 sigma2         =      0.00368219 +/-      0.00393200
 s02            =      1.01853578 +/-      0.19829324
