 kweight        =       0.000000000
 kmin           =       3.300000000
 kmax           =       9.000000000
 dk             =       0.300000000
 rmin           =       0.000000000
 rmax           =       6.000000000
 dr             =       0.300000000
 chi_square     =     171.263042279
 chi_reduced    =      12.440473526
 epsilon_k      =       0.002045740
 mychi_square   =     487.842736878
 mychi_reduced  =       4.434933972
 e0_cor         =      4.21775207 +/-      1.15879369
 alpha          =      0.01789020 +/-      0.00612955
 sigma2         =      0.00254626 +/-      0.00238409
 s02            =      0.92193580 +/-      0.10605296
