 kweight        =       0.000000000
 kmin           =       3.300000000
 kmax           =       9.000000000
 dk             =       0.300000000
 rmin           =       0.000000000
 rmax           =       6.000000000
 dr             =       0.300000000
 chi_square     =     353.239341153
 chi_reduced    =      25.659153390
 epsilon_k      =       0.002045740
 mychi_square   =     654.496106163
 mychi_reduced  =       5.949964601
 e0_cor         =      7.84193244 +/-      1.97107253
 alpha          =      0.01851274 +/-      0.00981128
 sigma2         =      0.00043920 +/-      0.00354198
 s02            =      0.97849343 +/-      0.17080321
