 kweight        =       0.000000000
 kmin           =       3.300000000
 kmax           =       9.000000000
 dk             =       0.300000000
 rmin           =       0.000000000
 rmax           =       6.000000000
 dr             =       0.300000000
 chi_square     =     171.293172792
 chi_reduced    =      12.442662193
 epsilon_k      =       0.002045740
 mychi_square   =     498.789964703
 mychi_reduced  =       4.534454225
 e0_cor         =      4.33147855 +/-      1.13779071
 alpha          =      0.01799396 +/-      0.00603189
 sigma2         =      0.00251796 +/-      0.00237707
 s02            =      0.91705163 +/-      0.10526732
