 kweight        =       0.000000000
 kmin           =       3.400000000
 kmax           =      12.500000000
 dk             =       0.300000000
 rmin           =       0.000000000
 rmax           =       6.000000000
 dr             =       0.300000000
 chi_square     =      96.888078553
 chi_reduced    =       4.479362158
 epsilon_k      =       0.003571317
 mychi_square   =     620.950351452
 mychi_reduced  =       3.488485121
 e0_cor         =     10.80909875 +/-      1.03946499
 alpha          =     -0.00024769 +/-      0.00431020
 sigma2         =      0.00347243 +/-      0.00179255
 s02            =      0.91828993 +/-      0.10468773
