 kweight        =       0.000000000
 kmin           =       3.400000000
 kmax           =      12.500000000
 dk             =       0.300000000
 rmin           =       0.000000000
 rmax           =       6.000000000
 dr             =       0.300000000
 chi_square     =     103.425712741
 chi_reduced    =       4.781612255
 epsilon_k      =       0.003571317
 mychi_square   =     657.984972788
 mychi_reduced  =       3.696544791
 e0_cor         =     11.08039069 +/-      1.00422935
 alpha          =     -0.00082304 +/-      0.00441338
 sigma2         =      0.00429957 +/-      0.00317434
 s02            =      0.86299243 +/-      0.09311556
