 kweight        =       0.000000000
 kmin           =       3.400000000
 kmax           =      12.500000000
 dk             =       0.300000000
 rmin           =       0.000000000
 rmax           =       6.000000000
 dr             =       0.300000000
 chi_square     =     105.979122017
 chi_reduced    =       4.899662330
 epsilon_k      =       0.003571317
 mychi_square   =     682.741982823
 mychi_reduced  =       3.835629117
 e0_cor         =     11.05690143 +/-      1.05126155
 alpha          =      0.01036194 +/-      0.00440561
 sigma2         =      0.00456039 +/-      0.00196336
 s02            =      0.98022285 +/-      0.11907652
