 kweight        =       0.000000000
 kmin           =       3.400000000
 kmax           =      12.500000000
 dk             =       0.300000000
 rmin           =       0.000000000
 rmax           =       6.000000000
 dr             =       0.300000000
 chi_square     =     104.976212171
 chi_reduced    =       4.853295465
 epsilon_k      =       0.003571317
 mychi_square   =     663.404756797
 mychi_reduced  =       3.726993016
 e0_cor         =     11.56516582 +/-      1.05913291
 alpha          =     -0.00174254 +/-      0.00446353
 sigma2         =      0.00475533 +/-      0.00203898
 s02            =      0.96402505 +/-      0.11689076
