 kweight        =       0.000000000
 kmin           =       0.228000000
 kmax           =      36.351000000
 dk             =       0.000000000
 rmin           =       0.000000000
 rmax           =       6.000000000
 dr             =       0.300000000
 chi_square     =     454.969612865
 chi_reduced    =       5.693931749
 epsilon_k      =       0.005208970
 mychi_square   =       0.000007165
 mychi_reduced  =   0.143676837E-08
 e0_cor         =     -5.25221498 +/-      0.35772326
 alpha          =      0.01082044 +/-      0.00443951
 theta          =    348.70174732 +/-     69.88085289
 s02            =      0.95139666 +/-      0.09207953
