 kweight        =       0.000000000
 kmin           =       3.700000000
 kmax           =      13.000000000
 dk             =       0.300000000
 rmin           =       0.000000000
 rmax           =       6.000000000
 dr             =       0.300000000
 chi_square     =   11695.833769717
 chi_reduced    =     668.370655739
 epsilon_k      =       0.000078132
 mychi_square   =   0.142092961E-05
 mychi_reduced  =   0.241213958E-08
 e0_cor         =     -8.76870963 +/-      1.84677876
 alpha          =      0.00170765 +/-      0.00508379
 theta          =    317.84192552 +/-     67.51566959
 s02            =      1.18081525 +/-      0.33401076
