 kweight        =       2.000000000
 kmin           =       3.500000000
 kmax           =      12.000000000
 dk             =       0.300000000
 rmin           =       0.000000000
 rmax           =       6.000000000
 dr             =       0.300000000
 chi_square     =    658793.265
 chi_reduced    =   85360.534408677
 epsilon_k      =       0.000470388
 mychi_square   =   26116.355713448
 mychi_reduced  =     157.327444057
 e0_cor         =      0.13676137 +/-      1.89571839
 alpha          =      0.00940291 +/-      0.00540412
 theta          =   1135.66429818 +/-    534.18962424
 ss2            =      0.91228901 +/-      0.13472124
