 kweight        =       0.000000000
 kmin           =       3.200000000
 kmax           =      14.000000000
 dk             =       0.300000000
 rmin           =       0.000000000
 rmax           =       6.000000000
 dr             =       0.300000000
 chi_square     =      44.555818672
 chi_reduced    =       1.494975534
 epsilon_k      =       0.003227653
 mychi_square   =   45428.988902676
 mychi_reduced  =     214.287683503
 e0_cor         =      8.44591685 +/-      0.60550604
 alpha          =     -0.00660832 +/-      0.00249128
 sigma2         =      0.00561925 +/-      0.00108403
 s02            =      0.96461566 +/-      0.06033566
