 kweight        =       0.000000000
 kmin           =       2.000000000
 kmax           =      15.000000000
 dk             =       0.300000000
 rmin           =       0.000000000
 rmax           =       6.000000000
 dr             =       0.300000000
 chi_square     =     768.266946589
 chi_reduced    =      20.921345459
 epsilon_k      =       0.001247693
 mychi_square   =       0.003989522
 mychi_reduced  =       0.039895224
 e0_cor         =      0.29384659 +/-   0.0000000
 alpha          =     -0.06707606 +/-   0.0000000
 ss2            =     -0.00651291 +/-   0.0000000
 s02            =      0.84996842 +/-   0.0000000
