 kweight        =       0.000000000
 kmin           =       3.600000000
 kmax           =      12.000000000
 dk             =       0.300000000
 rmin           =       0.000000000
 rmax           =       6.000000000
 dr             =       0.300000000
 chi_square     =     431.384744767
 chi_reduced    =      21.956259190
 epsilon_k      =       0.005144416
 mychi_square   =    2498.495494825
 mychi_reduced  =      15.234728627
 e0_cor         =      0.87079553 +/-      2.13325914
 alpha          =     -0.00698652 +/-      0.00735805
 sigma2         =      0.00107642 +/-      0.00182686
 s02            =      0.97857309 +/-      0.12090014
