 kweight        =       0.000000000
 kmin           =       3.600000000
 kmax           =      12.000000000
 dk             =       0.300000000
 rmin           =       0.000000000
 rmax           =       6.000000000
 dr             =       0.300000000
 chi_square     =     102.949494535
 chi_reduced    =       5.239837090
 epsilon_k      =       0.002736827
 mychi_square   =     222.125367505
 mychi_reduced  =       1.354422973
 e0_cor         =      7.02724493 +/-      0.89664198
 alpha          =     -0.00064732 +/-      0.00352609
 sigma2         =      0.00461550 +/-      0.00123366
 s02            =      1.18796357 +/-      0.09252678
