 kweight        =       0.000000000
 kmin           =       3.600000000
 kmax           =      12.000000000
 dk             =       0.300000000
 rmin           =       0.000000000
 rmax           =       6.000000000
 dr             =       0.300000000
 chi_square     =     104.401052675
 chi_reduced    =       5.313717279
 epsilon_k      =       0.002736827
 mychi_square   =     224.922825537
 mychi_reduced  =       1.371480644
 e0_cor         =      6.69914637 +/-      0.91632073
 alpha          =     -0.00885789 +/-      0.00356087
 sigma2         =      0.00463458 +/-      0.00124232
 s02            =      1.18701822 +/-      0.09296853
