 kweight        =       0.000000000
 kmin           =       3.600000000
 kmax           =      12.000000000
 dk             =       0.300000000
 rmin           =       0.000000000
 rmax           =       6.000000000
 dr             =       0.300000000
 chi_square     =     127.270630408
 chi_reduced    =       6.477713879
 epsilon_k      =       0.003616398
 mychi_square   =     672.054942041
 mychi_reduced  =       4.097895988
 e0_cor         =     10.95159681 +/-      1.31759660
 alpha          =      0.00103298 +/-      0.00530401
 sigma2         =      0.00433152 +/-      0.00185604
 s02            =      0.95083660 +/-      0.10747927
