 kweight        =       0.000000000
 kmin           =       3.600000000
 kmax           =      12.000000000
 dk             =       0.300000000
 rmin           =       0.000000000
 rmax           =       6.000000000
 dr             =       0.300000000
 chi_square     =     106.323044318
 chi_reduced    =       5.411541199
 epsilon_k      =       0.002736827
 mychi_square   =     227.298924224
 mychi_reduced  =       1.385969050
 e0_cor         =      6.63670750 +/-      0.94473585
 alpha          =     -0.01256282 +/-      0.00364290
 sigma2         =      0.00472702 +/-      0.00125947
 s02            =      1.19324754 +/-      0.09452139
