 kweight        =       0.000000000
 kmin           =       3.600000000
 kmax           =      12.000000000
 dk             =       0.300000000
 rmin           =       0.000000000
 rmax           =       6.000000000
 dr             =       0.300000000
 chi_square     =     151.306661465
 chi_reduced    =       7.701079643
 epsilon_k      =       0.002736827
 mychi_square   =     270.933165396
 mychi_reduced  =       1.652031496
 e0_cor         =      7.79272326 +/-      1.12451848
 alpha          =      0.00321336 +/-      0.00445151
 sigma2         =      0.00848386 +/-      0.00168515
 s02            =      1.48311256 +/-      0.15035896
