 kweight        =       0.000000000
 kmin           =       3.600000000
 kmax           =      12.000000000
 dk             =       0.300000000
 rmin           =       0.000000000
 rmax           =       6.000000000
 dr             =       0.300000000
 chi_square     =     107.013106524
 chi_reduced    =       5.446663407
 epsilon_k      =       0.003616398
 mychi_square   =     527.049002304
 mychi_reduced  =       3.213713429
 e0_cor         =     10.96046153 +/-      1.07540768
 alpha          =      0.00122651 +/-      0.00443384
 sigma2         =      0.00272783 +/-      0.00164141
 s02            =      0.90907495 +/-      0.09496822
