 kweight        =       0.000000000
 kmin           =       3.600000000
 kmax           =      12.000000000
 dk             =       0.300000000
 rmin           =       0.000000000
 rmax           =       6.000000000
 dr             =       0.300000000
 chi_square     =     106.660208541
 chi_reduced    =       5.428701901
 epsilon_k      =       0.002736827
 mychi_square   =     227.245959876
 mychi_reduced  =       1.385646097
 e0_cor         =      6.47400735 +/-      0.93733711
 alpha          =     -0.02015696 +/-      0.00360166
 sigma2         =      0.00477100 +/-      0.00126513
 s02            =      1.19384810 +/-      0.09474247
