 kweight        =       0.000000000
 kmin           =       3.300000000
 kmax           =       9.000000000
 dk             =       0.300000000
 rmin           =       0.000000000
 rmax           =       6.000000000
 dr             =       0.300000000
 chi_square     =     189.354631893
 chi_reduced    =      15.778268619
 epsilon_k      =       0.002045740
 mychi_square   =     548.647307254
 mychi_reduced  =       4.987702793
 e0_cor         =      3.87096937 +/-      1.37144376
 alpha          =      0.00926811 +/-      0.00692336
 sigma2         =      0.00314215 +/-      0.00267894
 s02            =      0.90607888 +/-      0.11869069
