 kweight        =       0.000000000
 kmin           =       3.300000000
 kmax           =       9.000000000
 dk             =       0.300000000
 rmin           =       0.000000000
 rmax           =       6.000000000
 dr             =       0.300000000
 chi_square     =     159.309935662
 chi_reduced    =      13.274747670
 epsilon_k      =       0.002045740
 mychi_square   =     457.468596205
 mychi_reduced  =       4.158805420
 e0_cor         =      2.61032784 +/-      1.46895418
 alpha          =      0.00408958 +/-      0.00665137
 sigma2         =      0.00561139 +/-      0.00304813
 s02            =      0.84664930 +/-      0.03467910
