 kweight        =       0.000000000
 kmin           =       3.300000000
 kmax           =       9.000000000
 dk             =       0.300000000
 rmin           =       0.000000000
 rmax           =       6.000000000
 dr             =       0.300000000
 chi_square     =     195.950702166
 chi_reduced    =      16.327896413
 epsilon_k      =       0.002045740
 mychi_square   =     551.609924844
 mychi_reduced  =       5.014635680
 e0_cor         =      3.99958523 +/-      1.33278150
 alpha          =      0.01538136 +/-      0.00686820
 sigma2         =      0.00316803 +/-      0.00269665
 s02            =      0.92916686 +/-      0.12238886
