 kweight        =       0.000000000
 kmin           =       3.300000000
 kmax           =       9.000000000
 dk             =       0.300000000
 rmin           =       0.000000000
 rmax           =       6.000000000
 dr             =       0.300000000
 chi_square     =     204.675277794
 chi_reduced    =      17.054885219
 epsilon_k      =       0.002045740
 mychi_square   =     577.639275929
 mychi_reduced  =       5.251266145
 e0_cor         =      4.17119322 +/-      1.36429554
 alpha          =      0.01482908 +/-      0.00700255
 sigma2         =      0.00306578 +/-      0.00275304
 s02            =      0.91317303 +/-      0.12313092
