 kweight        =       0.000000000
 kmin           =       3.300000000
 kmax           =       9.000000000
 dk             =       0.300000000
 rmin           =       0.000000000
 rmax           =       6.000000000
 dr             =       0.300000000
 chi_square     =     112.961100665
 chi_reduced    =       9.412659051
 epsilon_k      =       0.002045740
 mychi_square   =     420.126365323
 mychi_reduced  =       3.819330594
 e0_cor         =      0.95422261 +/-      1.21871660
 alpha          =     -0.00198841 +/-      0.00555478
 sigma2         =      0.00577593 +/-      0.00241592
 s02            =      0.83882920 +/-      0.02926437
