 kweight        =       0.000000000
 kmin           =       3.300000000
 kmax           =       9.000000000
 dk             =       0.300000000
 rmin           =       0.000000000
 rmax           =       6.000000000
 dr             =       0.300000000
 chi_square     =     210.217068720
 chi_reduced    =      17.516663550
 epsilon_k      =       0.002045740
 mychi_square   =     587.423485348
 mychi_reduced  =       5.340213503
 e0_cor         =      4.28531271 +/-      1.36154930
 alpha          =      0.01585236 +/-      0.00705399
 sigma2         =      0.00308921 +/-      0.00279509
 s02            =      0.91530846 +/-      0.12495976
