 kweight        =       0.000000000
 kmin           =       3.300000000
 kmax           =       9.000000000
 dk             =       0.300000000
 rmin           =       0.000000000
 rmax           =       6.000000000
 dr             =       0.300000000
 chi_square     =     185.480681944
 chi_reduced    =      15.455465726
 epsilon_k      =       0.002045740
 mychi_square   =     526.343651664
 mychi_reduced  =       4.344942288
 e0_cor         =      3.80484144 +/-      1.31090181
 alpha          =      0.01495241 +/-      0.00671077
 sigma2         =      0.00328933 +/-      0.00262640
 s02            =      0.93853332 +/-      0.12044049
