 kweight        =       0.000000000
 kmin           =       3.300000000
 kmax           =       9.000000000
 dk             =       0.300000000
 rmin           =       0.000000000
 rmax           =       6.000000000
 dr             =       0.300000000
 chi_square     =     396.744287551
 chi_reduced    =      33.059333587
 epsilon_k      =       0.002045740
 mychi_square   =     764.809055536
 mychi_reduced  =       6.952809596
 e0_cor         =     -8.85509105 +/-      4.37116774
 alpha          =      0.05651577 +/-      0.01884437
 sigma2         =      0.01559681 +/-      0.00500900
 s02            =      2.13311845 +/-      0.53392985
