 kweight        =       0.000000000
 kmin           =       3.600000000
 kmax           =      12.000000000
 dk             =       0.300000000
 rmin           =       0.000000000
 rmax           =       6.000000000
 dr             =       0.300000000
 chi_square     =     124.907970102
 chi_reduced    =       6.357461175
 epsilon_k      =       0.003616398
 mychi_square   =     708.674964067
 mychi_reduced  =       4.321188805
 e0_cor         =     10.08677646 +/-      1.32971577
 alpha          =     -0.00198701 +/-      0.00529528
 sigma2         =      0.00385584 +/-      0.00178286
 s02            =      0.92039617 +/-      0.10105378
