 kweight        =       0.000000000
 kmin           =       3.600000000
 kmax           =      12.000000000
 dk             =       0.300000000
 rmin           =       0.000000000
 rmax           =       6.000000000
 dr             =       0.300000000
 chi_square     =     114.562263453
 chi_reduced    =       5.830894069
 epsilon_k      =       0.002736827
 mychi_square   =     238.682452325
 mychi_reduced  =       1.455380807
 e0_cor         =      7.42170301 +/-      0.92578225
 alpha          =      0.00018813 +/-      0.00362759
 sigma2         =      0.00560758 +/-      0.00132280
 s02            =      1.25131958 +/-      0.10514176
