 kweight        =       0.000000000
 kmin           =       3.600000000
 kmax           =      12.000000000
 dk             =       0.300000000
 rmin           =       0.000000000
 rmax           =       6.000000000
 dr             =       0.300000000
 chi_square     =     453.941413048
 chi_reduced    =      23.104329587
 epsilon_k      =       0.005144416
 mychi_square   =    2585.479394057
 mychi_reduced  =      15.765118256
 e0_cor         =      0.77688792 +/-      2.15938793
 alpha          =     -0.00735476 +/-      0.00749180
 sigma2         =      0.00103108 +/-      0.00187147
 s02            =      0.97294938 +/-      0.12320659
