 kweight        =       0.000000000
 kmin           =       3.600000000
 kmax           =      12.000000000
 dk             =       0.300000000
 rmin           =       0.000000000
 rmax           =       6.000000000
 dr             =       0.300000000
 chi_square     =     104.558185756
 chi_reduced    =       5.321714907
 epsilon_k      =       0.002736827
 mychi_square   =     224.923295294
 mychi_reduced  =       1.371483508
 e0_cor         =      6.65634322 +/-      0.92792292
 alpha          =     -0.01080074 +/-      0.00359170
 sigma2         =      0.00465324 +/-      0.00124418
 s02            =      1.18788640 +/-      0.09310074
