 kweight        =       0.000000000
 kmin           =       3.300000000
 kmax           =       9.000000000
 dk             =       0.300000000
 rmin           =       0.000000000
 rmax           =       6.000000000
 dr             =       0.300000000
 chi_square     =     706.519891025
 chi_reduced    =      51.321300164
 epsilon_k      =       0.002427326
 mychi_square   =     885.751902143
 mychi_reduced  =       8.052290019
 e0_cor         =     -6.84374122 +/-      6.39222440
 alpha          =      0.04299514 +/-      0.02714242
 sigma2         =      0.02250721 +/-      0.00762514
 s02            =      2.77425594 +/-      1.04922991
