 kweight        =       0.000000000
 kmin           =       3.500000000
 kmax           =      12.000000000
 dk             =       0.300000000
 rmin           =       0.000000000
 rmax           =       6.000000000
 dr             =       0.300000000
 chi_square     =      60.591699800
 chi_reduced    =       7.850930102
 epsilon_k      =       0.000470388
 mychi_square   =      23.711626347
 mychi_reduced  =       0.142841123
 e0_cor         =     -3.32159872 +/-      1.90181160
 alpha          =     -0.00278885 +/-      0.00803125
 theta          =    681.05845084 +/-    404.98019459
 s02            =      1.07536980 +/-      0.20227616
