 kweight        =       0.000000000
 kmin           =       3.500000000
 kmax           =      12.000000000
 dk             =       0.300000000
 rmin           =       0.000000000
 rmax           =       6.000000000
 dr             =       0.300000000
 chi_square     =      64.093380680
 chi_reduced    =       8.304646567
 epsilon_k      =       0.000470388
 mychi_square   =      25.293423346
 mychi_reduced  =       0.152370020
 e0_cor         =     -3.59761978 +/-      2.00444437
 alpha          =     -0.00353476 +/-      0.00840975
 theta          =    650.20405612 +/-    384.57552623
 s02            =      1.09193703 +/-      0.21354645
