 kweight        =       0.000000000
 kmin           =       3.400000000
 kmax           =      12.500000000
 dk             =       0.300000000
 rmin           =       0.000000000
 rmax           =       6.000000000
 dr             =       0.300000000
 chi_square     =     124.177056467
 chi_reduced    =       5.740995342
 epsilon_k      =       0.003571317
 mychi_square   =     810.632894043
 mychi_reduced  =       4.554117382
 e0_cor         =     11.78010035 +/-      1.18192599
 alpha          =     -0.00835804 +/-      0.00489175
 sigma2         =      0.00567179 +/-      0.00230365
 s02            =      1.01808583 +/-      0.13654458
