 kweight        =       0.000000000
 kmin           =       3.400000000
 kmax           =      12.500000000
 dk             =       0.300000000
 rmin           =       0.000000000
 rmax           =       6.000000000
 dr             =       0.300000000
 chi_square     =     101.637448331
 chi_reduced    =       4.698936615
 epsilon_k      =       0.003571317
 mychi_square   =     674.568474521
 mychi_reduced  =       3.789710531
 e0_cor         =     12.39627793 +/-      0.83851374
 alpha          =      0.00623480 +/-      0.00443577
 sigma2         =      0.00713990 +/-      0.00377013
 s02            =      0.85282603 +/-      0.03905437
