 kweight        =       0.000000000
 kmin           =       3.400000000
 kmax           =      12.500000000
 dk             =       0.300000000
 rmin           =       0.000000000
 rmax           =       6.000000000
 dr             =       0.300000000
 chi_square     =     120.145712356
 chi_reduced    =       5.554616888
 epsilon_k      =       0.003571317
 mychi_square   =     850.715855945
 mychi_reduced  =       4.779302561
 e0_cor         =     12.53842291 +/-      1.08134681
 alpha          =      0.01566433 +/-      0.00469018
 sigma2         =      0.00521250 +/-      0.00229173
 s02            =      0.99250528 +/-      0.13471593
