 kweight        =       0.000000000
 kmin           =       3.400000000
 kmax           =      12.500000000
 dk             =       0.300000000
 rmin           =       0.000000000
 rmax           =       6.000000000
 dr             =       0.300000000
 chi_square     =     105.610685211
 chi_reduced    =       4.882628636
 epsilon_k      =       0.003571317
 mychi_square   =     637.789534453
 mychi_reduced  =       3.583087272
 e0_cor         =     11.83151659 +/-      1.09265143
 alpha          =      0.01123132 +/-      0.00448668
 sigma2         =      0.00670506 +/-      0.00217263
 s02            =      1.13848607 +/-      0.14821504
