 kweight        =       0.000000000
 kmin           =       3.200000000
 kmax           =      15.000000000
 dk             =       0.300000000
 rmin           =       0.000000000
 rmax           =       6.000000000
 dr             =       0.300000000
 chi_square     =    2245.548612545
 chi_reduced    =      68.153821371
 epsilon_k      =       0.000482116
 mychi_square   =   97513.468738226
 mychi_reduced  =     420.316675596
 e0_cor         =     -1.32937706 +/-      1.19100767
 alpha          =      0.00020092 +/-      0.00307220
 sigma2         =      0.00210881 +/-      0.00070705
 s02            =      0.82173577 +/-      0.07347358
