 kweight        =       3.000000000
 kmin           =       2.000000000
 kmax           =      15.000000000
 dk             =       0.300000000
 rmin           =       0.000000000
 rmax           =       6.000000000
 dr             =       0.300000000
 chi_square     =    3072.925484340
 chi_reduced    =      83.681506687
 epsilon_k      =       0.000927827
 mychi_square   =    15613508.4
 mychi_reduced  =   60990.267337326
 e0_cor         =     -2.75847922 +/-      1.74644590
 alpha          =     -0.00018980 +/-      0.00307803
 sigma2         =      0.00155866 +/-      0.00071048
 s02            =      0.76156166 +/-      0.10699601
