 kweight        =       0.000000000
 kmin           =       2.000000000
 kmax           =      15.000000000
 dk             =       0.300000000
 rmin           =       0.000000000
 rmax           =       6.000000000
 dr             =       0.300000000
 chi_square     =    5267.158859297
 chi_reduced    =     143.434584260
 epsilon_k      =       0.000927827
 mychi_square   =  101590.749201083
 mychi_reduced  =     396.838864067
 e0_cor         =     -3.28726713 +/-      0.75664080
 alpha          =      0.00001164 +/-      0.00266585
 sigma2         =      0.00156226 +/-      0.00069417
 s02            =      0.75849973 +/-      0.06465865
