 kweight        =       0.000000000
 kmin           =       2.000000000
 kmax           =      15.000000000
 dk             =       0.300000000
 rmin           =       0.000000000
 rmax           =       6.000000000
 dr             =       0.300000000
 chi_square     =    5718.989855818
 chi_reduced    =     155.738787128
 epsilon_k      =       0.000927827
 mychi_square   =  104941.493439507
 mychi_reduced  =     409.927708748
 e0_cor         =     -3.72567293 +/-      0.76135018
 alpha          =     -0.00644084 +/-      0.00273316
 sigma2         =      0.00163542 +/-      0.00072327
 s02            =      0.75391531 +/-      0.06719562
