 kweight        =       0.000000000
 kmin           =       3.200000000
 kmax           =      15.000000000
 dk             =       0.300000000
 rmin           =       0.000000000
 rmax           =       6.000000000
 dr             =       0.300000000
 chi_square     =     395.580294637
 chi_reduced    =      12.006112265
 epsilon_k      =       0.000482116
 mychi_square   =      36.105086888
 mychi_reduced  =       0.155625375
 e0_cor         =     -5.32469819 +/-      1.07885663
 alpha          =      0.00009295 +/-      0.00431211
 sigma2         =      0.00294849 +/-      0.00147099
 s02            =      0.91703145 +/-      0.08951612
