 kweight        =       0.000000000
 kmin           =       2.000000000
 kmax           =      15.000000000
 dk             =       0.300000000
 rmin           =       0.000000000
 rmax           =       6.000000000
 dr             =       0.300000000
 chi_square     =    3107.903645067
 chi_reduced    =      84.634027406
 epsilon_k      =       0.000927827
 mychi_square   =    15752521.8
 mychi_reduced  =   61533.288467449
 e0_cor         =     -2.80815071 +/-      1.72269979
 alpha          =      0.00000761 +/-      0.00306853
 sigma2         =      0.00157642 +/-      0.00071451
 s02            =      0.76319256 +/-      0.10781499
