 kweight        =       0.000000000
 kmin           =       3.200000000
 kmax           =      15.000000000
 dk             =       0.300000000
 rmin           =       0.000000000
 rmax           =       6.000000000
 dr             =       0.300000000
 chi_square     =    2228.682600813
 chi_reduced    =      67.641927242
 epsilon_k      =       0.000482116
 mychi_square   =   98234.941948063
 mychi_reduced  =     423.426473914
 e0_cor         =     -1.30112031 +/-      1.19339822
 alpha          =      0.00021350 +/-      0.00307634
 sigma2         =      0.00215484 +/-      0.00070727
 s02            =      0.82765817 +/-      0.07377204
