 kweight        =       0.000000000
 kmin           =       3.300000000
 kmax           =       9.000000000
 dk             =       0.300000000
 rmin           =       0.000000000
 rmax           =       6.000000000
 dr             =       0.300000000
 chi_square     =     191.203266268
 chi_reduced    =      13.888922796
 epsilon_k      =       0.002045740
 mychi_square   =     499.058504318
 mychi_reduced  =       4.536895494
 e0_cor         =      4.01678480 +/-      1.27242105
 alpha          =      0.01748989 +/-      0.00659738
 sigma2         =      0.00273703 +/-      0.00253375
 s02            =      0.93609513 +/-      0.11464909
