 kweight        =       0.000000000
 kmin           =       3.300000000
 kmax           =       9.000000000
 dk             =       0.300000000
 rmin           =       0.000000000
 rmax           =       6.000000000
 dr             =       0.300000000
 chi_square     =     222.822857944
 chi_reduced    =      16.185756298
 epsilon_k      =       0.002045740
 mychi_square   =     573.032835955
 mychi_reduced  =       5.209389418
 e0_cor         =      5.23887834 +/-      1.29236938
 alpha          =      0.02344304 +/-      0.00690760
 sigma2         =      0.00191158 +/-      0.00271154
 s02            =      0.91514287 +/-      0.11964857
