 kweight        =       0.000000000
 kmin           =       3.300000000
 kmax           =       9.000000000
 dk             =       0.300000000
 rmin           =       0.000000000
 rmax           =       6.000000000
 dr             =       0.300000000
 chi_square     =     233.829366720
 chi_reduced    =      16.985264349
 epsilon_k      =       0.002045740
 mychi_square   =     553.989234774
 mychi_reduced  =       5.036265771
 e0_cor         =      4.51678442 +/-      1.37589168
 alpha          =      0.01953182 +/-      0.00721170
 sigma2         =      0.00240549 +/-      0.00280225
 s02            =      0.94417747 +/-      0.12825179
