 kweight        =       0.000000000
 kmin           =       3.300000000
 kmax           =       9.000000000
 dk             =       0.300000000
 rmin           =       0.000000000
 rmax           =       6.000000000
 dr             =       0.300000000
 chi_square     =     190.066076595
 chi_reduced    =      13.806317829
 epsilon_k      =       0.002045740
 mychi_square   =     481.127734617
 mychi_reduced  =       4.373888497
 e0_cor         =      3.84464315 +/-      1.26353811
 alpha          =      0.01743901 +/-      0.00651383
 sigma2         =      0.00263706 +/-      0.00251906
 s02            =      0.96267354 +/-      0.11790323
