 kweight        =       0.000000000
 kmin           =       3.300000000
 kmax           =       9.000000000
 dk             =       0.300000000
 rmin           =       0.000000000
 rmax           =       6.000000000
 dr             =       0.300000000
 chi_square     =     170.464171996
 chi_reduced    =      12.382443933
 epsilon_k      =       0.002045740
 mychi_square   =     488.284421419
 mychi_reduced  =       4.438949286
 e0_cor         =      4.14549824 +/-      1.15836393
 alpha          =      0.01752763 +/-      0.00610804
 sigma2         =      0.00252272 +/-      0.00237340
 s02            =      0.92014387 +/-      0.10547205
