 kweight        =       0.000000000
 kmin           =       3.300000000
 kmax           =       9.000000000
 dk             =       0.300000000
 rmin           =       0.000000000
 rmax           =       6.000000000
 dr             =       0.300000000
 chi_square     =     192.218915788
 chi_reduced    =      13.962699139
 epsilon_k      =       0.002045740
 mychi_square   =     521.392247715
 mychi_reduced  =       4.739929525
 e0_cor         =      4.57717663 +/-      1.23043643
 alpha          =      0.01907624 +/-      0.00652456
 sigma2         =      0.00246905 +/-      0.00253375
 s02            =      0.91525610 +/-      0.11169850
