 kweight        =       0.000000000
 kmin           =       3.300000000
 kmax           =       9.000000000
 dk             =       0.300000000
 rmin           =       0.000000000
 rmax           =       6.000000000
 dr             =       0.300000000
 chi_square     =     329.528631098
 chi_reduced    =      23.936817638
 epsilon_k      =       0.002045740
 mychi_square   =     704.766005142
 mychi_reduced  =       6.406963683
 e0_cor         =      6.08465217 +/-      1.59040091
 alpha          =      0.02391950 +/-      0.00849321
 sigma2         =      0.00267078 +/-      0.00339336
 s02            =      0.92529054 +/-      0.15106562
