 kweight        =       0.000000000
 kmin           =       3.300000000
 kmax           =       9.000000000
 dk             =       0.300000000
 rmin           =       0.000000000
 rmax           =       6.000000000
 dr             =       0.300000000
 chi_square     =     207.163087376
 chi_reduced    =      15.048237318
 epsilon_k      =       0.002045740
 mychi_square   =     553.642352554
 mychi_reduced  =       5.024112296
 e0_cor         =      4.83780379 +/-      1.25248973
 alpha          =      0.01933277 +/-      0.00673319
 sigma2         =      0.00223366 +/-      0.00262044
 s02            =      0.90004668 +/-      0.11368932
