 kweight        =       0.000000000
 kmin           =       3.300000000
 kmax           =       9.000000000
 dk             =       0.300000000
 rmin           =       0.000000000
 rmax           =       6.000000000
 dr             =       0.300000000
 chi_square     =     209.716834948
 chi_reduced    =      15.233740440
 epsilon_k      =       0.002045740
 mychi_square   =     498.280779041
 mychi_reduced  =       4.529825264
 e0_cor         =      3.95302045 +/-      1.33960523
 alpha          =      0.01795129 +/-      0.00687008
 sigma2         =      0.00274236 +/-      0.00265941
 s02            =      0.97073546 +/-      0.12550439
