 kweight        =       0.000000000
 kmin           =       3.700000000
 kmax           =      13.000000000
 dk             =       0.300000000
 rmin           =       1.600000000
 rmax           =       5.300000000
 dr             =       0.300000000
 chi_square     =    4969103.73
 chi_reduced    =   19915.761208349
 epsilon_k      =       0.000804291
  scalar  mychi_square  not found
  scalar  mychi_reduced  not found
 e0_cor         =    -10.47546783 +/-      0.32042228
 alpha          =      0.00555316 +/-      0.00119579
 theta          =    451.50396831 +/-     12.22046001
