 kweight        =       0.000000000
 kmin           =       2.000000000
 kmax           =      13.000000000
 dk             =       0.300000000
 rmin           =       0.000000000
 rmax           =       6.000000000
 dr             =       0.300000000
 chi_square     =     473.115494108
 chi_reduced    =      22.056465557
 epsilon_k      =       0.000793057
 mychi_square   =    24919529.1
 mychi_reduced  =   81400.118656605
 e0_cor         =    -10.53254485 +/-      0.59067386
 alpha          =      0.00208596 +/-      0.00261895
 theta          =    352.90545097 +/-     45.68704243
 s02            =      1.10649374 +/-      0.12787175
