 kweight        =       3.000000000
 kmin           =       3.500000000
 kmax           =      12.000000000
 dk             =       0.300000000
 rmin           =       0.000000000
 rmax           =       6.000000000
 dr             =       0.300000000
 chi_square     =    41362934.4
 chi_reduced    =    5359438.80
 epsilon_k      =       0.000470388
 mychi_square   =    1787127.99
 mychi_reduced  =   10765.831261851
 e0_cor         =      0.94685430 +/-      2.26792358
 alpha          =      0.01129016 +/-      0.00474715
 theta          =   1276.44043940 +/-    545.42294077
 ss2            =      0.87530230 +/-      0.14304426
