 kweight        =       3.000000000
 kmin           =       3.500000000
 kmax           =      12.000000000
 dk             =       0.300000000
 rmin           =       0.000000000
 rmax           =       6.000000000
 dr             =       0.300000000
 chi_square     =    41794432.9
 chi_reduced    =    5415348.52
 epsilon_k      =       0.000470388
 mychi_square   =    1798392.67
 mychi_reduced  =   10833.690804777
 e0_cor         =      1.00125249 +/-      2.31922295
 alpha          =      0.01134658 +/-      0.00482325
 theta          =   1285.38564617 +/-    557.35953519
 ss2            =      0.87353339 +/-      0.14368057
