 kweight        =       0.000000000
 kmin           =       3.500000000
 kmax           =      12.000000000
 dk             =       0.300000000
 rmin           =       0.000000000
 rmax           =       6.000000000
 dr             =       0.300000000
 chi_square     =      60.798829976
 chi_reduced    =       7.877768176
 epsilon_k      =       0.000470388
 mychi_square   =      24.891550262
 mychi_reduced  =       0.149949098
 e0_cor         =     -3.61258121 +/-      1.99649811
 alpha          =     -0.00341425 +/-      0.00831291
 theta          =    632.71542000 +/-    353.88776684
 ss2            =      1.10569839 +/-      0.20959851
