 kweight        =       0.000000000
 kmin           =       2.000000000
 kmax           =      13.000000000
 dk             =       0.300000000
 rmin           =       0.000000000
 rmax           =       6.000000000
 dr             =       0.300000000
 chi_square     =    126920533.
 chi_reduced    =    5916987.30
 epsilon_k      =       0.000793057
 mychi_square   =   0.376980975E+12
 mychi_reduced  =   0.123141557E+10
 e0_cor         =    -10.18765178 +/-      1.82364057
 alpha          =      0.00306632 +/-      0.00267215
 theta          =    345.22271039 +/-     29.42314802
 s02            =      1.19774006 +/-      0.19145455
