 kweight        =       0.000000000
 kmin           =       2.000000000
 kmax           =      13.000000000
 dk             =       0.300000000
 rmin           =       0.000000000
 rmax           =       6.000000000
 dr             =       0.300000000
 chi_square     =     261.044747024
 chi_reduced    =      40.470828305
 epsilon_k      =       0.000793057
 mychi_square   =    23678795.8
 mychi_reduced  =   81332.344251772
 e0_cor         =     -8.83525390 +/-      1.70587780
 alpha          =      0.00484435 +/-      0.00496074
 theta          =    325.71485903 +/-     69.97296136
 s02_1          =      1.33221509 +/-      0.32007867
 s02_2          =      1.19076341 +/-      0.53151427
 s02_3          =     -4.36625325 +/-      9.51220867
 s02_4          =      1.87847203 +/-      2.74505778
 s02_5          =      0.72160023 +/-      1.11279761
 s02_6          =     -0.50071919 +/-      2.78401039
 s02_7          =      1.47133975 +/-      1.11520281
 s02_8          =      1.47267090 +/-      7.46147320
 s02_9          =      5.86689719 +/-     14.40756598
 s02_10         =      4.09028619 +/-     20.54807000
 s02_11         =      0.66189732 +/-      5.02745310
 s02_12         =     -0.72753761 +/-      9.01193055
 s02_13         =      6.34739784 +/-     29.47147894
 s02_14         =      0.34011859 +/-      2.68721936
 s02_15         =     -2.15341534 +/-     12.05420909
 s02_16         =     -5.93239655 +/-     11.70132270
