 kweight        =       0.000000000
 kmin           =       0.004000000
 kmax           =      23.113000000
 dk             =       0.000000000
 rmin           =       0.000000000
 rmax           =       6.000000000
 dr             =       0.300000000
 chi_square     =     157.849115287
 chi_reduced    =       4.565643987
 epsilon_k      =       0.007292600
 mychi_square   =   0.106234982E+10
 mychi_reduced  =    2984128.70
 e0_cor         =      0.23812843 +/-      0.03693971
 alpha          =      0.01628463 +/-      0.03485289
 theta          =    109.07404811 +/-     42.10871978
 s02_1          =      0.64322325 +/-      1.29206980
 s02_2          =     -1.32411477 +/-      1.74348571
 s02_3          =    -21.56902386 +/-     42.19509602
 s02_4          =     -7.40762592 +/-     20.37458949
 s02_5          =    -11.28387125 +/-     33.24096108
 s02_6          =      0.12939032 +/-     37.61044994
 s02_7          =     -0.36460671 +/-     19.84870819
 s02_8          =      6.96831112 +/-     84.32184428
 s02_9          =     14.66976208 +/-    118.46717501
 s02_10         =      6.99187074 +/-    164.23548184
 s02_11         =     -3.40829784 +/-     47.92892270
 s02_12         =    -11.23697147 +/-     67.59794170
 s02_13         =    -39.44946389 +/-    357.52203775
 s02_14         =     -1.68326657 +/-     32.43537647
 s02_15         =    -10.43699376 +/-    386.40480111
 s02_16         =    -42.91281403 +/-     98.19422255
