 kweight        =       0.000000000
 kmin           =       3.700000000
 kmax           =      13.000000000
 dk             =       0.300000000
 rmin           =       0.000000000
 rmax           =       6.000000000
 dr             =       0.300000000
 chi_square     =     521.290104664
 chi_reduced    =      29.789668351
 epsilon_k      =       0.000804291
 mychi_square   =    8557193.99
 mychi_reduced  =   34434.544279361
 e0_cor         =     -9.98272716 +/-      1.14737463
 alpha          =      0.00339955 +/-      0.00306898
 theta          =    366.60381628 +/-     59.23031391
 s02            =      1.07760119 +/-      0.18127527
