 kweight        =       0.000000000
 kmin           =       3.300000000
 kmax           =       9.000000000
 dk             =       0.300000000
 rmin           =       0.000000000
 rmax           =       6.000000000
 dr             =       0.300000000
 chi_square     =     153.540746169
 chi_reduced    =      11.153133580
 epsilon_k      =       0.002045740
 mychi_square   =     452.148164455
 mychi_reduced  =       4.110437859
 e0_cor         =      3.64311052 +/-      1.11105918
 alpha          =      0.01641754 +/-      0.00578946
 sigma2         =      0.00289343 +/-      0.00226315
 s02            =      0.94212820 +/-      0.10294872
