 kweight        =       0.000000000
 kmin           =       3.300000000
 kmax           =       9.000000000
 dk             =       0.300000000
 rmin           =       0.000000000
 rmax           =       6.000000000
 dr             =       0.300000000
 chi_square     =     222.068411229
 chi_reduced    =      16.130953614
 epsilon_k      =       0.002045740
 mychi_square   =     602.449903041
 mychi_reduced  =       5.476817300
 e0_cor         =      5.26230552 +/-      1.27040943
 alpha          =      0.02043207 +/-      0.00687770
 sigma2         =      0.00200587 +/-      0.00270067
 s02            =      0.88446701 +/-      0.11516315
