 kweight        =       0.000000000
 kmin           =       3.300000000
 kmax           =       9.000000000
 dk             =       0.300000000
 rmin           =       0.000000000
 rmax           =       6.000000000
 dr             =       0.300000000
 chi_square     =     125.760225268
 chi_reduced    =       9.135168523
 epsilon_k      =       0.002045740
 mychi_square   =     379.674475209
 mychi_reduced  =       3.451586138
 e0_cor         =      2.77097681 +/-      1.12844285
 alpha          =      0.01232224 +/-      0.00550251
 sigma2         =      0.00522767 +/-      0.00251949
 s02            =      0.88180884 +/-      0.02841386
