 kweight        =       0.000000000
 kmin           =       3.300000000
 kmax           =       9.000000000
 dk             =       0.300000000
 rmin           =       0.000000000
 rmax           =       6.000000000
 dr             =       0.300000000
 chi_square     =     428.312213352
 chi_reduced    =      31.112414448
 epsilon_k      =       0.002045740
 mychi_square   =     757.331978957
 mychi_reduced  =       6.884836172
 e0_cor         =      4.48336588 +/-      2.75187668
 alpha          =      0.02005077 +/-      0.01236742
 sigma2         =      0.00440574 +/-      0.00402911
 s02            =      1.07317143 +/-      0.21576428
