 kweight        =       0.000000000
 kmin           =       3.300000000
 kmax           =       9.000000000
 dk             =       0.300000000
 rmin           =       0.000000000
 rmax           =       6.000000000
 dr             =       0.300000000
 chi_square     =     504.392248705
 chi_reduced    =      34.157639222
 epsilon_k      =       0.002045740
 mychi_square   =     881.447549312
 mychi_reduced  =       7.940968913
 alpha          =      0.01692952 +/-      0.00367959
 sigma2         =      0.08257233 +/-      0.13815474
 s02            =      1.73886119 +/-      0.19974476
