 kweight        =       0.000000000
 kmin           =       3.300000000
 kmax           =       9.000000000
 dk             =       0.300000000
 rmin           =       0.000000000
 rmax           =       6.000000000
 dr             =       0.300000000
 chi_square     =     171.025285954
 chi_reduced    =      12.423203009
 epsilon_k      =       0.002045740
 mychi_square   =     487.046708249
 mychi_reduced  =       4.427697348
 e0_cor         =      4.21470929 +/-      1.15925337
 alpha          =      0.01788313 +/-      0.00612845
 sigma2         =      0.00254934 +/-      0.00238257
 s02            =      0.92204755 +/-      0.10599773
