 kweight        =       0.000000000
 kmin           =       3.300000000
 kmax           =       9.000000000
 dk             =       0.300000000
 rmin           =       0.000000000
 rmax           =       6.000000000
 dr             =       0.300000000
 chi_square     =     172.992219273
 chi_reduced    =      12.566080197
 epsilon_k      =       0.002045740
 mychi_square   =     501.757196730
 mychi_reduced  =       4.561429061
 e0_cor         =      4.36355434 +/-      1.14226314
 alpha          =      0.01811123 +/-      0.00606380
 sigma2         =      0.00250766 +/-      0.00238945
 s02            =      0.91667793 +/-      0.10575025
