 kweight        =       0.000000000
 kmin           =       2.000000000
 kmax           =      13.000000000
 dk             =       0.300000000
 rmin           =       0.000000000
 rmax           =       6.000000000
 dr             =       0.300000000
 chi_square     =     246.205730471
 chi_reduced    =      38.170275246
 epsilon_k      =       0.000756079
 mychi_square   =   33130.891546904
 mychi_reduced  =     114.599568627
 e0_cor         =     -9.79380943 +/-      1.94679972
 alpha          =      0.00524459 +/-      0.00530185
 theta          =    322.03971845 +/-     64.90858264
 s02_1          =      1.32315331 +/-      0.30575300
 s02_2          =      1.15636209 +/-      0.52130725
 s02_3          =     -4.43779579 +/-      9.41832041
 s02_4          =      1.90825497 +/-      2.69727081
 s02_5          =      0.68291613 +/-      1.07942173
 s02_6          =     -0.55683926 +/-      2.72168390
 s02_7          =      1.43801139 +/-      1.08025871
 s02_8          =      1.75186243 +/-      7.29433352
 s02_9          =      4.89429966 +/-     15.01586283
 s02_10         =      2.26296686 +/-     22.01937092
 s02_11         =      0.38005353 +/-      5.21732164
 s02_12         =     -1.09285561 +/-      9.04955139
 s02_13         =      3.96198848 +/-     29.94471099
 s02_14         =      0.30722160 +/-      2.64970624
 s02_15         =     -1.68802568 +/-     11.90744032
 s02_16         =     -5.36935279 +/-     11.41220315
