 kweight        =       0.000000000
 kmin           =       2.000000000
 kmax           =      13.000000000
 dk             =       0.300000000
 rmin           =       0.000000000
 rmax           =       6.000000000
 dr             =       0.300000000
 chi_square     =     246.147135608
 chi_reduced    =      38.161191047
 epsilon_k      =       0.000756079
 mychi_square   =   33147.933761812
 mychi_reduced  =     114.658517553
 e0_cor         =     -9.80273928 +/-      1.94514661
 alpha          =      0.00521766 +/-      0.00529782
 theta          =    329.48955854 +/-     69.52760087
 s02_1          =      1.32202916 +/-      0.30522239
 s02_2          =      1.15420883 +/-      0.51986193
 s02_3          =     -4.41563773 +/-      9.36225771
 s02_4          =      1.90317492 +/-      2.67981441
 s02_5          =      0.67914041 +/-      1.06706308
 s02_6          =     -0.54570393 +/-      2.69588303
 s02_7          =      1.42478720 +/-      1.06416565
 s02_8          =      1.73032817 +/-      7.23132523
 s02_9          =      4.90119738 +/-     14.86789297
 s02_10         =      2.37507597 +/-     21.91319806
 s02_11         =      0.40555355 +/-      5.16133681
 s02_12         =     -0.99787450 +/-      8.96098881
 s02_13         =      3.70028086 +/-     29.04301136
 s02_14         =      0.32161768 +/-      2.62523118
 s02_15         =     -1.65985365 +/-     11.69055395
 s02_16         =     -5.36380764 +/-     11.29645210
