 kweight        =       0.000000000
 kmin           =       2.000000000
 kmax           =      13.000000000
 dk             =       0.300000000
 rmin           =       0.000000000
 rmax           =       6.000000000
 dr             =       0.300000000
 chi_square     =     454.527995050
 chi_reduced    =      21.189923375
 epsilon_k      =       0.000756079
 mychi_square   =   53246.017604150
 mychi_reduced  =     175.092991991
 e0_cor         =    -11.72765618 +/-      0.58618686
 alpha          =      0.00195564 +/-      0.00258375
 theta          =    354.46319735 +/-     45.47621102
 s02            =      1.10208874 +/-      0.12531245
