 kweight        =       0.000000000
 kmin           =       3.200000000
 kmax           =      12.600000000
 dk             =       0.300000000
 rmin           =       0.000000000
 rmax           =       6.000000000
 dr             =       0.300000000
 chi_square     =      51.384316308
 chi_reduced    =       2.499526859
 epsilon_k      =       0.004863182
 mychi_square   =    8388.780529832
 mychi_reduced  =      45.591198612
 e0_cor         =     -2.32721851 +/-      1.06411251
 alpha          =     -0.01081301 +/-      0.00442495
 ss2            =      0.00419486 +/-      0.00063054
