 kweight        =       0.000000000
 kmin           =       3.300000000
 kmax           =       9.000000000
 dk             =       0.300000000
 rmin           =       0.000000000
 rmax           =       6.000000000
 dr             =       0.300000000
 chi_square     =     313.655097916
 chi_reduced    =      26.135797890
 epsilon_k      =       0.003731188
 mychi_square   =     970.232181529
 mychi_reduced  =       8.820292559
 e0_cor         =     -6.14144639 +/-      4.80627683
 alpha          =      0.01883395 +/-      0.01720217
 sigma2         =      0.00686986 +/-      0.00441834
 s02            =      1.74350832 +/-      0.45021571
