 kweight        =       0.000000000
 kmin           =       3.300000000
 kmax           =       9.000000000
 dk             =       0.300000000
 rmin           =       0.000000000
 rmax           =       6.000000000
 dr             =       0.300000000
 chi_square     =     307.815534847
 chi_reduced    =      25.649207233
 epsilon_k      =       0.003731188
 mychi_square   =     956.194758456
 mychi_reduced  =       8.692679622
 e0_cor         =     -6.62032626 +/-      4.77267562
 alpha          =      0.01731607 +/-      0.01703668
 sigma2         =      0.00691755 +/-      0.00435466
 s02            =      1.75450565 +/-      0.44773235
