 kweight        =       0.000000000
 kmin           =       3.300000000
 kmax           =       9.000000000
 dk             =       0.300000000
 rmin           =       0.000000000
 rmax           =       6.000000000
 dr             =       0.300000000
 chi_square     =      83.049119469
 chi_reduced    =       6.920196789
 epsilon_k      =       0.003731188
 mychi_square   =     422.481956278
 mychi_reduced  =       3.840745057
 e0_cor         =      1.17185695 +/-      1.06640537
 alpha          =     -0.00536624 +/-      0.00507674
 sigma2         =     -0.00002033 +/-      0.00190595
 s02            =      0.96248699 +/-      0.09592995
