 kweight        =       0.000000000
 kmin           =       3.300000000
 kmax           =       9.000000000
 dk             =       0.300000000
 rmin           =       0.000000000
 rmax           =       6.000000000
 dr             =       0.300000000
 chi_square     =     362.341740053
 chi_reduced    =      30.192687917
 epsilon_k      =       0.003731188
 mychi_square   =    1075.846213372
 mychi_reduced  =       9.780420122
 e0_cor         =     -7.35081273 +/-      4.29352208
 alpha          =      0.05321554 +/-      0.01863474
 sigma2         =      0.00979327 +/-      0.00550582
 s02            =      2.08169055 +/-      0.63443501
