 kweight        =       0.000000000
 kmin           =       3.300000000
 kmax           =       9.000000000
 dk             =       0.300000000
 rmin           =       0.000000000
 rmax           =       6.000000000
 dr             =       0.300000000
 chi_square     =     307.081727692
 chi_reduced    =      25.588061613
 epsilon_k      =       0.002233474
 mychi_square   =     315.575488017
 mychi_reduced  =       2.868868073
 e0_cor         =      3.98704890 +/-      1.04810928
 alpha          =     -0.00441643 +/-      0.00535970
 sigma2         =      0.00004278 +/-      0.00196341
 s02            =      0.83825950 +/-      0.03654888
