 kweight        =       0.000000000
 kmin           =       3.300000000
 kmax           =       9.000000000
 dk             =       0.300000000
 rmin           =       0.000000000
 rmax           =       6.000000000
 dr             =       0.300000000
 chi_square     =     313.492723468
 chi_reduced    =      26.122267787
 epsilon_k      =       0.003731188
 mychi_square   =     973.414591087
 mychi_reduced  =       8.849223555
 e0_cor         =     -6.75955708 +/-      4.84370590
 alpha          =      0.01687727 +/-      0.01724616
 sigma2         =      0.00693329 +/-      0.00440005
 s02            =      1.75600686 +/-      0.45342612
