 kweight        =       0.000000000
 kmin           =       2.000000000
 kmax           =      13.000000000
 dk             =       0.300000000
 rmin           =       0.000000000
 rmax           =       6.000000000
 dr             =       0.300000000
 chi_square     =     520.379050942
 chi_reduced    =      24.259874717
 epsilon_k      =       0.000755876
 mychi_square   =   69116.163246707
 mychi_reduced  =     227.280017592
 e0_cor         =    -10.30068468 +/-      0.54750138
 alpha          =      0.00234218 +/-      0.00235776
 theta          =    364.43841108 +/-     46.37807869
 s02            =      1.05243332 +/-      0.11510282
