 kweight        =       0.000000000
 kmin           =      -0.128000000
 kmax           =      23.110000000
 dk             =       0.000000000
 rmin           =       0.000000000
 rmax           =       6.000000000
 dr             =       0.300000000
 chi_square     =  113427.328248566
 chi_reduced    =    2277.398171144
 epsilon_k      =       0.000738651
 mychi_square   =    6160559.99
 mychi_reduced  =   16695.284538266
 e0_cor         =  0.10000000E-08 +/-   0.0000000
 alpha          =   0.0000000     +/-   0.0000000
 theta          =    385.00000000 +/-   0.0000000
 s02            =      1.00000000 +/-   0.0000000
