 kweight        =       0.000000000
 kmin           =       3.700000000
 kmax           =      13.000000000
 dk             =       0.300000000
 rmin           =       0.000000000
 rmax           =       6.000000000
 dr             =       0.300000000
 chi_square     =     372.978732064
 chi_reduced    =      21.314259815
 epsilon_k      =       0.000765505
 mychi_square   =   14092.800040278
 mychi_reduced  =      56.951043797
 e0_cor         =    -10.39760109 +/-      0.88386093
 alpha          =      0.00251294 +/-      0.00234959
 theta          =    341.64890340 +/-     37.60485134
 s02            =      1.14197364 +/-      0.14949362
