 kweight        =       3.000000000
 kmin           =       3.700000000
 kmax           =      13.000000000
 dk             =       0.300000000
 rmin           =       0.000000000
 rmax           =       6.000000000
 dr             =       0.300000000
 chi_square     =    161078164.
 chi_reduced    =    9204980.18
 epsilon_k      =       0.000765505
 mychi_square   =   0.651442509E+10
 mychi_reduced  =    26325734.2
 e0_cor         =    -11.23326843 +/-      2.05246831
 alpha          =      0.00099812 +/-      0.00295588
 theta          =    338.86830158 +/-     30.10249992
 s02            =      1.18962331 +/-      0.20647326
