 kweight        =       0.000000000
 kmin           =       3.700000000
 kmax           =      13.000000000
 dk             =       0.300000000
 rmin           =       0.000000000
 rmax           =       6.000000000
 dr             =       0.300000000
 chi_square     =     607.358493026
 chi_reduced    =      34.708136439
 epsilon_k      =       0.000765505
 mychi_square   =   26387.619304955
 mychi_reduced  =     106.636187162
 e0_cor         =    -11.19781091 +/-      1.15047649
 alpha          =      0.00104077 +/-      0.00307472
 theta          =    357.02450920 +/-     55.02346421
 s02            =      1.07736523 +/-      0.18209258
