 kweight        =       0.000000000
 kmin           =       3.700000000
 kmax           =      13.000000000
 dk             =       0.300000000
 rmin           =       0.000000000
 rmax           =       6.000000000
 dr             =       0.300000000
 chi_square     =     353.458352013
 chi_reduced    =     141.438590254
 epsilon_k      =       0.000765505
 mychi_square   =   18575.670310108
 mychi_reduced  =      79.910946541
 e0_cor         =    -10.52238615 +/-      5.83046256
 alpha          =      0.00105692 +/-      0.01236482
 theta          =    375.39294337 +/-    164.07307873
 s02_1          =      1.04676875 +/-      0.55642154
 s02_2          =      1.09193207 +/-      0.65916624
 s02_3          =      0.46031518 +/-     10.19676709
 s02_4          =      0.76646783 +/-      3.24869160
 s02_5          =      0.83550042 +/-      1.64528888
 s02_6          =      0.56561631 +/-     10.18814777
 s02_7          =      1.20570275 +/-      3.63981969
 s02_8          =      3.98376714 +/-     49.91436180
 s02_9          =      9.88340738 +/-     49.61391907
 s02_10         =      2.42392539 +/-     37.84359759
 s02_11         =      2.25339164 +/-     19.87982388
 s02_12         =     -1.97293624 +/-     22.49984232
 s02_13         =    -17.19191809 +/-     99.49427748
 s02_14         =      1.27364032 +/-     10.97986590
 s02_15         =      7.94303806 +/-    113.26925919
 s02_16         =     -2.62648135 +/-     36.33412401
