 kweight        =       3.000000000
 kmin           =       3.700000000
 kmax           =      13.000000000
 dk             =       0.300000000
 rmin           =       0.000000000
 rmax           =       6.000000000
 dr             =       0.300000000
 chi_square     =    126718955.
 chi_reduced    =    50707389.4
 epsilon_k      =       0.000765505
 mychi_square   =   0.572182896E+10
 mychi_reduced  =    24614819.3
 e0_cor         =    -10.00990668 +/-      5.91068869
 alpha          =      0.00184992 +/-      0.00830164
 theta          =    351.29815311 +/-     96.69126648
 s02_1          =      1.13564038 +/-      0.53547788
 s02_2          =      1.25278575 +/-      0.65299100
 s02_3          =      1.87681019 +/-     20.01227201
 s02_4          =      0.66987654 +/-      6.92133157
 s02_5          =      1.06008733 +/-      2.26596832
 s02_6          =      1.45809580 +/-     18.93322657
 s02_7          =      1.29365906 +/-      5.96098391
 s02_8          =     -2.21180546 +/-    103.23725541
 s02_9          =      7.48161310 +/-    119.31535957
 s02_10         =     11.88785886 +/-     56.34126137
 s02_11         =      2.02428516 +/-     45.67623300
 s02_12         =      4.67960918 +/-     27.57630543
 s02_13         =     17.11529703 +/-    234.59998854
 s02_14         =      1.03951825 +/-     26.21090190
 s02_15         =    -13.81960118 +/-    227.71366189
 s02_16         =     -8.72385671 +/-     89.04652494
