 kweight        =       0.000000000
 kmin           =       2.000000000
 kmax           =      13.000000000
 dk             =       0.300000000
 rmin           =       0.000000000
 rmax           =       6.000000000
 dr             =       0.300000000
 chi_square     =     294.385897543
 chi_reduced    =      45.639842405
 epsilon_k      =       0.000755876
 mychi_square   =   35914.873556009
 mychi_reduced  =     124.229346831
 e0_cor         =     -9.72781867 +/-      1.91786604
 alpha          =      0.00320347 +/-      0.00532787
 theta          =    314.82836027 +/-     62.74071147
 s02_1          =      1.36619012 +/-      0.32327051
 s02_2          =      1.17842355 +/-      0.54733852
 s02_3          =     -5.45425185 +/-      9.99831016
 s02_4          =      2.14014121 +/-      2.87566140
 s02_5          =      0.63681944 +/-      1.15751844
 s02_6          =     -0.74880678 +/-      2.89342522
 s02_7          =      1.54413466 +/-      1.18890496
 s02_8          =      1.76541169 +/-      7.78502799
 s02_9          =      4.68320615 +/-     15.98545435
 s02_10         =      0.45825437 +/-     23.32652859
 s02_11         =      0.17077755 +/-      5.55105675
 s02_12         =     -1.93800108 +/-      9.77496227
 s02_13         =      2.71496713 +/-     32.44510837
 s02_14         =      0.26426001 +/-      2.79783054
 s02_15         =     -1.82273978 +/-     12.76327141
 s02_16         =     -5.07626423 +/-     12.20609835
