 kweight        =       0.000000000
 kmin           =       3.300000000
 kmax           =       9.000000000
 dk             =       0.300000000
 rmin           =       0.000000000
 rmax           =       6.000000000
 dr             =       0.300000000
 chi_square     =     191.187156045
 chi_reduced    =      13.887752557
 epsilon_k      =       0.002045740
 mychi_square   =     499.048473984
 mychi_reduced  =       4.536804309
 e0_cor         =      4.01678453 +/-      1.27234432
 alpha          =      0.01748983 +/-      0.00659704
 sigma2         =      0.00273694 +/-      0.00253363
 s02            =      0.93608667 +/-      0.11464268
