 kweight        =       0.000000000
 kmin           =       3.300000000
 kmax           =       9.000000000
 dk             =       0.300000000
 rmin           =       0.000000000
 rmax           =       6.000000000
 dr             =       0.300000000
 chi_square     =     190.025499205
 chi_reduced    =      13.803370305
 epsilon_k      =       0.002045740
 mychi_square   =     480.972500095
 mychi_reduced  =       4.372477274
 e0_cor         =      3.84384204 +/-      1.26364447
 alpha          =      0.01744032 +/-      0.00651391
 sigma2         =      0.00263894 +/-      0.00251896
 s02            =      0.96281056 +/-      0.11791466
