 kweight        =       0.000000000
 kmin           =       3.300000000
 kmax           =       9.000000000
 dk             =       0.300000000
 rmin           =       0.000000000
 rmax           =       6.000000000
 dr             =       0.300000000
 chi_square     =     350.594927344
 chi_reduced    =      25.467064312
 epsilon_k      =       0.002045740
 mychi_square   =     766.616118226
 mychi_reduced  =       6.969237438
 e0_cor         =      6.52767354 +/-      1.60190910
 alpha          =      0.02490401 +/-      0.00868954
 sigma2         =      0.00236819 +/-      0.00348186
 s02            =      0.90644956 +/-      0.15175230
