 kweight        =       0.000000000
 kmin           =       3.300000000
 kmax           =       9.000000000
 dk             =       0.300000000
 rmin           =       0.000000000
 rmax           =       6.000000000
 dr             =       0.300000000
 chi_square     =     207.100870223
 chi_reduced    =      15.043717891
 epsilon_k      =       0.002045740
 mychi_square   =     553.091093014
 mychi_reduced  =       5.028100846
 e0_cor         =      4.82372581 +/-      1.25421404
 alpha          =      0.01918570 +/-      0.00673972
 sigma2         =      0.00225510 +/-      0.00262110
 s02            =      0.89988782 +/-      0.11368885
