 kweight        =       0.000000000
 kmin           =       3.300000000
 kmax           =       9.000000000
 dk             =       0.300000000
 rmin           =       0.000000000
 rmax           =       6.000000000
 dr             =       0.300000000
 chi_square     =     192.501255873
 chi_reduced    =      13.983208201
 epsilon_k      =       0.002045740
 mychi_square   =     522.892846702
 mychi_reduced  =       4.743571334
 e0_cor         =      4.61537872 +/-      1.22639659
 alpha          =      0.01945446 +/-      0.00651175
 sigma2         =      0.00241330 +/-      0.00253319
 s02            =      0.91549261 +/-      0.11172020
