 kweight        =       0.000000000
 kmin           =       3.300000000
 kmax           =       9.000000000
 dk             =       0.300000000
 rmin           =       0.000000000
 rmax           =       6.000000000
 dr             =       0.300000000
 chi_square     =     234.505562616
 chi_reduced    =      17.034382927
 epsilon_k      =       0.002045740
 mychi_square   =     575.092268861
 mychi_reduced  =       5.228111535
 e0_cor         =      4.73519627 +/-      1.37279721
 alpha          =      0.01967176 +/-      0.00726824
 sigma2         =      0.00246221 +/-      0.00281203
 s02            =      0.91697643 +/-      0.12431159
