 kweight        =       0.000000000
 kmin           =       3.300000000
 kmax           =       9.000000000
 dk             =       0.300000000
 rmin           =       0.000000000
 rmax           =       6.000000000
 dr             =       0.300000000
 chi_square     =     206.713565670
 chi_reduced    =      15.015584255
 epsilon_k      =       0.002045740
 mychi_square   =     548.137034188
 mychi_reduced  =       4.983063947
 e0_cor         =      4.68792507 +/-      1.27330420
 alpha          =      0.01774594 +/-      0.00680424
 sigma2         =      0.00246693 +/-      0.00262843
 s02            =      0.89928304 +/-      0.11385206
