 kweight        =       0.000000000
 kmin           =       3.300000000
 kmax           =       9.000000000
 dk             =       0.300000000
 rmin           =       0.000000000
 rmax           =       6.000000000
 dr             =       0.300000000
 chi_square     =     162.906531066
 chi_reduced    =      11.833460155
 epsilon_k      =       0.002045740
 mychi_square   =     469.709662532
 mychi_reduced  =       4.270087841
 e0_cor         =      3.95287119 +/-      1.14602316
 alpha          =      0.01705026 +/-      0.00600053
 sigma2         =      0.00264302 +/-      0.00232320
 s02            =      0.92844403 +/-      0.10421094
