 kweight        =       0.000000000
 kmin           =       3.300000000
 kmax           =       9.000000000
 dk             =       0.300000000
 rmin           =       0.000000000
 rmax           =       6.000000000
 dr             =       0.300000000
 chi_square     =     203.965850499
 chi_reduced    =      14.815991410
 epsilon_k      =       0.002045740
 mychi_square   =     554.142520327
 mychi_reduced  =       5.037659276
 e0_cor         =      5.10666549 +/-      1.22003145
 alpha          =      0.02466543 +/-      0.00653488
 sigma2         =      0.00166657 +/-      0.00257989
 s02            =      0.92223902 +/-      0.11485408
