 kweight        =       0.000000000
 kmin           =       3.300000000
 kmax           =       9.000000000
 dk             =       0.300000000
 rmin           =       0.000000000
 rmax           =       6.000000000
 dr             =       0.300000000
 chi_square     =     192.229129653
 chi_reduced    =      13.963441070
 epsilon_k      =       0.002045740
 mychi_square   =     521.347817151
 mychi_reduced  =       4.739525610
 e0_cor         =      4.57710734 +/-      1.23061680
 alpha          =      0.01907561 +/-      0.00652512
 sigma2         =      0.00246903 +/-      0.00253383
 s02            =      0.91525439 +/-      0.11170251
