 kweight        =       0.000000000
 kmin           =       3.300000000
 kmax           =       9.000000000
 dk             =       0.300000000
 rmin           =       0.000000000
 rmax           =       6.000000000
 dr             =       0.300000000
 chi_square     =     192.901068641
 chi_reduced    =      14.012250428
 epsilon_k      =       0.002045740
 mychi_square   =     525.339024952
 mychi_reduced  =       4.775809318
 e0_cor         =      4.68748777 +/-      1.21815367
 alpha          =      0.02021140 +/-      0.00648358
 sigma2         =      0.00230671 +/-      0.00253151
 s02            =      0.91623386 +/-      0.11177005
