 kweight        =       0.000000000
 kmin           =       3.400000000
 kmax           =      12.500000000
 dk             =       0.300000000
 rmin           =       0.000000000
 rmax           =       6.000000000
 dr             =       0.300000000
 chi_square     =      95.616702189
 chi_reduced    =       4.420583459
 epsilon_k      =       0.003571317
 mychi_square   =     580.310788814
 mychi_reduced  =       3.260172971
 e0_cor         =     10.95793526 +/-      1.03310604
 alpha          =      0.00147614 +/-      0.00434079
 sigma2         =      0.00291420 +/-      0.00180300
 s02            =      0.91310981 +/-      0.10257700
