 kweight        =       0.000000000
 kmin           =       3.400000000
 kmax           =      12.500000000
 dk             =       0.300000000
 rmin           =       0.000000000
 rmax           =       6.000000000
 dr             =       0.300000000
 chi_square     =      97.464830307
 chi_reduced    =       4.506026739
 epsilon_k      =       0.003571317
 mychi_square   =     602.220176642
 mychi_reduced  =       3.383259419
 e0_cor         =     10.91915164 +/-      1.06941677
 alpha          =     -0.00427197 +/-      0.00443154
 sigma2         =      0.00336229 +/-      0.00181567
 s02            =      0.89452950 +/-      0.10062356
