 kweight        =       0.000000000
 kmin           =       3.400000000
 kmax           =      12.500000000
 dk             =       0.300000000
 rmin           =       0.000000000
 rmax           =       6.000000000
 dr             =       0.300000000
 chi_square     =      96.684608870
 chi_reduced    =       4.469955279
 epsilon_k      =       0.003571317
 mychi_square   =     617.905944452
 mychi_reduced  =       3.471381710
 e0_cor         =     11.16044082 +/-      1.03766823
 alpha          =      0.01014258 +/-      0.00433912
 sigma2         =      0.00324355 +/-      0.00178815
 s02            =      0.91768591 +/-      0.10467794
