 kweight        =       0.000000000
 kmin           =       2.000000000
 kmax           =      13.000000000
 dk             =       0.300000000
 rmin           =       0.000000000
 rmax           =       6.000000000
 dr             =       0.300000000
 chi_square     =     527.402224344
 chi_reduced    =      24.587292407
 epsilon_k      =       0.000755876
 mychi_square   =   55844.480640610
 mychi_reduced  =     183.637718678
 e0_cor         =    -11.80978343 +/-      0.59485657
 alpha          =     -0.00041227 +/-      0.00262119
 theta          =    343.17409687 +/-     41.95640149
 s02            =      1.11143519 +/-      0.12791703
