 kweight        =       0.000000000
 kmin           =       3.400000000
 kmax           =      12.500000000
 dk             =       0.300000000
 rmin           =       0.000000000
 rmax           =       6.000000000
 dr             =       0.300000000
 chi_square     =      51.784309420
 chi_reduced    =       1.555504044
 epsilon_k      =       0.003383471
 mychi_square   =     546.428591905
 mychi_reduced  =       3.018942497
 alpha          =     -0.00012796 +/-      0.00101688
