 kweight        =       0.000000000
 kmin           =       3.400000000
 kmax           =      12.500000000
 dk             =       0.300000000
 rmin           =       0.000000000
 rmax           =       6.000000000
 dr             =       0.300000000
 chi_square     =      63.341054295
 chi_reduced    =       1.902647099
 epsilon_k      =       0.003383471
 mychi_square   =     662.829705992
 mychi_reduced  =       3.662042575
 alpha          =      0.00005448 +/-      0.00112349
