 kweight        =       0.000000000
 kmin           =       3.400000000
 kmax           =      12.500000000
 dk             =       0.300000000
 rmin           =       0.000000000
 rmax           =       6.000000000
 dr             =       0.300000000
 chi_square     =      63.345462672
 chi_reduced    =       2.024397783
 epsilon_k      =       0.003383471
 mychi_square   =     663.710731648
 mychi_reduced  =       3.707881182
 e0_cor         =     11.92606583 +/-      0.34040172
 ss2            =      0.00559046 +/-      0.00134644
 s02            =      1.00048438 +/-      0.07553506
