 kweight        =       0.000000000
 kmin           =       3.400000000
 kmax           =      12.500000000
 dk             =       0.300000000
 rmin           =       0.000000000
 rmax           =       6.000000000
 dr             =       0.300000000
 chi_square     =      55.849975468
 chi_reduced    =       1.784856591
 epsilon_k      =       0.003383471
 mychi_square   =     563.675466857
 mychi_reduced  =       3.149024955
 e0_cor         =     11.61446053 +/-      0.31944430
 ss2            =      0.00519365 +/-      0.00121520
 s02            =      0.97286757 +/-      0.06604901
