 kweight        =       0.000000000
 kmin           =       3.300000000
 kmax           =       9.000000000
 dk             =       0.300000000
 rmin           =       0.000000000
 rmax           =       6.000000000
 dr             =       0.300000000
 chi_square     =     152.147486505
 chi_reduced    =      12.677925477
 epsilon_k      =       0.002045740
 mychi_square   =     443.618021415
 mychi_reduced  =       4.032891104
 e0_cor         =      2.76213650 +/-      1.29350152
 alpha          =      0.01093470 +/-      0.00622819
 sigma2         =      0.00640188 +/-      0.00474520
 s02            =      0.86780410 +/-      0.03432895
