 kweight        =       0.000000000
 kmin           =       0.004000000
 kmax           =      23.113000000
 dk             =       0.000000000
 rmin           =       0.000000000
 rmax           =       6.000000000
 dr             =       0.300000000
 chi_square     =     290.913217876
 chi_reduced    =       5.868351656
 epsilon_k      =       0.007292600
 mychi_square   =   0.190410497E+10
 mychi_reduced  =    5132358.42
 e0_cor         =      3.08216023 +/-      0.06487626
 alpha          =      0.02241469 +/-      0.00769009
 theta          =   4873.33690422 +/-  94993.88362454
 s02            =      0.22791922 +/-      0.07280445
