 kweight        =       0.000000000
 kmin           =       3.700000000
 kmax           =      13.000000000
 dk             =       0.300000000
 rmin           =       1.600000000
 rmax           =       5.300000000
 dr             =       0.300000000
 chi_square     =    4794465.43
 chi_reduced    =   19293.150580724
 epsilon_k      =       0.000804291
  scalar  mychi_square  not found
  scalar  mychi_reduced  not found
 e0_cor         =    -10.24113922 +/-      0.31741823
 alpha          =      0.00745841 +/-      0.00130371
 theta          =    369.94132087 +/-     20.66554411
 s02            =      1.15680838 +/-      0.05402940
