 kweight        =       0.000000000
 kmin           =       3.700000000
 kmax           =      13.000000000
 dk             =       0.300000000
 rmin           =       0.000000000
 rmax           =       6.000000000
 dr             =       0.300000000
 chi_square     =     305.473494814
 chi_reduced    =     122.237146811
 epsilon_k      =       0.000804291
 mychi_square   =    4949175.49
 mychi_reduced  =   21195.059502085
 e0_cor         =     -9.32253457 +/-      5.85833490
 alpha          =      0.00339964 +/-      0.01245492
 theta          =    384.53713015 +/-    177.02321805
 s02_1          =      1.05464015 +/-      0.56147352
 s02_2          =      1.09434567 +/-      0.66325308
 s02_3          =      0.33707166 +/-     10.19775934
 s02_4          =      0.80276127 +/-      3.25441186
 s02_5          =      0.87026818 +/-      1.67790718
 s02_6          =      0.82710831 +/-     10.21472329
 s02_7          =      1.16326968 +/-      3.70760873
 s02_8          =      4.80074795 +/-     50.13291665
 s02_9          =     11.20617779 +/-     48.44828911
 s02_10         =      3.35453529 +/-     35.36248547
 s02_11         =      2.87278732 +/-     19.25075917
 s02_12         =     -1.34803675 +/-     21.13019301
 s02_13         =    -13.81768293 +/-     91.74820427
 s02_14         =      1.61080268 +/-     10.64909695
 s02_15         =      8.99000095 +/-    111.77846464
 s02_16         =     -1.82069051 +/-     35.53595675
