 kweight        =       0.000000000
 kmin           =       3.700000000
 kmax           =      13.000000000
 dk             =       0.300000000
 rmin           =       1.600000000
 rmax           =       5.300000000
 dr             =       0.300000000
 chi_square     =   12822.621688031
 chi_reduced    =      51.818069316
 epsilon_k      =       0.000765505
  scalar  mychi_square  not found
  scalar  mychi_reduced  not found
 e0_cor         =    -10.35857451 +/-      0.26470641
 alpha          =      0.00307381 +/-      0.00065402
 theta          =    354.39124225 +/-     11.69864773
 s02            =      1.15266858 +/-      0.04121697
