 kweight        =       0.000000000
 kmin           =      -0.128000000
 kmax           =      23.110000000
 dk             =       0.000000000
 rmin           =       0.000000000
 rmax           =       6.000000000
 dr             =       0.300000000
 chi_square     =    1259.796263449
 chi_reduced    =      36.195150915
 epsilon_k      =       0.005979125
 mychi_square   =    3502312.91
 mychi_reduced  =    9893.539288432
 e0_cor         =     -9.70200000 +/-   0.0000000
 alpha          =      0.00290000 +/-   0.0000000
 theta          =    322.00000000 +/-   0.0000000
 s02_1          =      1.32000000 +/-   0.0000000
 s02_2          =      1.15000000 +/-   0.0000000
 s02_3          =     -4.00000000 +/-   0.0000000
 s02_4          =      1.90000000 +/-   0.0000000
 s02_5          =      0.70000000 +/-   0.0000000
 s02_6          =     -0.60000000 +/-   0.0000000
 s02_7          =      1.40000000 +/-   0.0000000
 s02_8          =      2.00000000 +/-   0.0000000
 s02_9          =      5.00000000 +/-   0.0000000
 s02_10         =      2.00000000 +/-   0.0000000
 s02_11         =      1.40000000 +/-   0.0000000
 s02_12         =     -1.00000000 +/-   0.0000000
 s02_13         =      4.00000000 +/-   0.0000000
 s02_14         =      0.30000000 +/-   0.0000000
 s02_15         =     -2.00000000 +/-   0.0000000
 s02_16         =     -5.00000000 +/-   0.0000000
