 kweight        =       0.000000000
 kmin           =       2.000000000
 kmax           =      13.000000000
 dk             =       0.300000000
 rmin           =       0.000000000
 rmax           =       6.000000000
 dr             =       0.300000000
 chi_square     =    1744.638655179
 chi_reduced    =      81.334394851
 epsilon_k      =       0.000358833
 mychi_square   =   0.247470552E-05
 mychi_reduced  =   0.395275104E-08
 e0_cor         =     -7.81384902 +/-      0.87089881
 alpha          =      0.00339006 +/-      0.00442915
 theta          =    299.87201879 +/-     50.10530886
 s02            =      1.29110720 +/-      0.23750176
