 kweight        =       0.000000000
 kmin           =       3.000000000
 kmax           =      10.000000000
 dk             =       0.300000000
 rmin           =       0.000000000
 rmax           =       6.000000000
 dr             =       0.300000000
 chi_square     =    3103.145586299
 chi_reduced    =     173.801951560
 epsilon_k      =       0.000204765
 mychi_square   =    1739.878341495
 mychi_reduced  =      12.793223099
 e0_cor         =     -1.41743992 +/-      0.95592554
 alpha          =      0.00241571 +/-      0.00574642
 sigma2         =      0.01243939 +/-      0.00265157
 s02            =      1.00406265 +/-      0.13274106
