 kweight        =       0.000000000
 kmin           =       5.000000000
 kmax           =      10.000000000
 dk             =       0.300000000
 rmin           =       0.000000000
 rmax           =       6.000000000
 dr             =       0.300000000
 chi_square     =     802.581107194
 chi_reduced    =      69.394836930
 epsilon_k      =       0.000078499
 mychi_square   =     214.339802899
 mychi_reduced  =       2.232706280
 e0_cor         =     -1.19719471 +/-      1.44362053
 alpha          =     -0.00223023 +/-      0.00414175
 sigma2         =      0.00905413 +/-      0.00192047
 s02            =      0.76986426 +/-      0.14761274
