 kweight        =       0.000000000
 kmin           =       3.400000000
 kmax           =      12.500000000
 dk             =       0.300000000
 rmin           =       0.000000000
 rmax           =       6.000000000
 dr             =       0.300000000
 chi_square     =     111.101638071
 chi_reduced    =       5.136488211
 epsilon_k      =       0.003571317
 mychi_square   =     710.536266012
 mychi_reduced  =       3.991776775
 e0_cor         =     11.56955377 +/-      1.11110155
 alpha          =     -0.00099058 +/-      0.00463737
 sigma2         =      0.00497186 +/-      0.00212030
 s02            =      0.97496222 +/-      0.12198199
