 kweight        =       0.000000000
 kmin           =       3.400000000
 kmax           =      12.500000000
 dk             =       0.300000000
 rmin           =       0.000000000
 rmax           =       6.000000000
 dr             =       0.300000000
 chi_square     =     105.560449512
 chi_reduced    =       4.880306122
 epsilon_k      =       0.003571317
 mychi_square   =     705.936906549
 mychi_reduced  =       3.965937677
 e0_cor         =     11.51291427 +/-      1.04009160
 alpha          =      0.01267862 +/-      0.00436790
 sigma2         =      0.00515039 +/-      0.00206689
 s02            =      1.03738778 +/-      0.13158008
