 kweight        =       0.000000000
 kmin           =       3.500000000
 kmax           =      12.000000000
 dk             =       0.300000000
 rmin           =       0.000000000
 rmax           =       6.000000000
 dr             =       0.300000000
 chi_square     =      44.166105825
 chi_reduced    =       5.722648661
 epsilon_k      =       0.000470388
 mychi_square   =      19.777614805
 mychi_reduced  =       0.119142258
 e0_cor         =     -2.78057209 +/-      1.68193263
 alpha          =     -0.00073805 +/-      0.00693880
 theta          =    656.49757172 +/-    312.54870883
 ss2            =      1.10400343 +/-      0.17136803
