 kweight        =       0.000000000
 kmin           =       3.600000000
 kmax           =      12.500000000
 dk             =       0.300000000
 rmin           =       0.000000000
 rmax           =       6.000000000
 dr             =       0.300000000
 chi_square     =      78.810699570
 chi_reduced    =       4.307101263
 epsilon_k      =       0.004974967
 mychi_square   =    8469.167811675
 mychi_reduced  =      48.954727280
 e0_cor         =      0.00452981 +/-      1.16542100
 alpha          =     -0.00406791 +/-      0.00432992
 ss2            =      0.00225630 +/-      0.00151679
 sa             =      0.79850259 +/-      0.08896501
