 kweight        =       0.000000000
 kmin           =       3.300000000
 kmax           =       9.000000000
 dk             =       0.300000000
 rmin           =       0.000000000
 rmax           =       6.000000000
 dr             =       0.300000000
 chi_square     =     193.851319796
 chi_reduced    =      14.081276262
 epsilon_k      =       0.002045740
 mychi_square   =     528.602900220
 mychi_reduced  =       4.805480911
 e0_cor         =      4.75961537 +/-      1.21223816
 alpha          =      0.02095023 +/-      0.00646967
 sigma2         =      0.00220385 +/-      0.00253388
 s02            =      0.91710467 +/-      0.11200605
